0.100000 0.000000
0.200000 0.000000
0.300000 0.000000
0.400000 0.000000
0.500000 0.000000
0.600000 0.000000
0.700000 0.473640
0.800000 14.996800
0.900000 43.116600
1.000000 48.366520
1.100000 43.369060
1.200000 37.813900
1.300000 33.015220
1.400000 29.005180
1.500000 26.135600
1.600000 24.266160
1.700000 22.469880
1.800000 20.460260
1.900000 18.614940
2.000000 16.909560
2.100000 15.422940
2.200000 14.167220
2.300000 13.088440
2.400000 12.121920
2.500000 11.250880
2.600000 10.418940
2.700000 9.612620
2.800000 8.839760
2.900000 8.136480
3.000000 7.479880
3.100000 6.863580
3.200000 6.309000
3.300000 5.770240
3.400000 5.298640
3.500000 4.839300
3.600000 4.429220
3.700000 4.040040
3.800000 3.676540
3.900000 3.358500
4.000000 3.055760
4.100000 2.790480
4.200000 2.531660
4.300000 2.297000
4.400000 2.085660
4.500000 1.888740
4.600000 1.710580
4.700000 1.550880
4.800000 1.407340
4.900000 1.264040
5.000000 1.138680
5.100000 1.026760
5.200000 0.927100
5.300000 0.830620
5.400000 0.743220
5.500000 0.670040
5.600000 0.599200
5.700000 0.537100
5.800000 0.476340
5.900000 0.428100
6.000000 0.381560
6.100000 0.336680
6.200000 0.299800
6.300000 0.264720
6.400000 0.237340
6.500000 0.208560
6.600000 0.183780
6.700000 0.161440
6.800000 0.142900
6.900000 0.125240
7.000000 0.110700
7.100000 0.096560
7.200000 0.084940
7.300000 0.073960
7.400000 0.064260
7.500000 0.055940
7.600000 0.049240
7.700000 0.042500
7.800000 0.036640
7.900000 0.031900
8.000000 0.027100
8.100000 0.023480
8.200000 0.020580
8.300000 0.017660
8.400000 0.015140
8.500000 0.012740
8.600000 0.011000
8.700000 0.009520
8.800000 0.008000
8.900000 0.006700
9.000000 0.005760
9.100000 0.004880
9.200000 0.004180
9.300000 0.003620
9.400000 0.002960
9.500000 0.002460
9.600000 0.002040
9.700000 0.001820
9.800000 0.001480
9.900000 0.001220
10.000000 0.001020
10.100000 0.000860
10.200000 0.000700
10.300000 0.000580
10.400000 0.000480
10.500000 0.000380
10.600000 0.000320
10.700000 0.000260
10.800000 0.000200
10.900000 0.000180
11.000000 0.000160
11.100000 0.000100
11.200000 0.000100
11.300000 0.000100
11.400000 0.000080
11.500000 0.000020
11.600000 0.000000
11.700000 0.000000
11.800000 0.000000
11.900000 0.000000
12.000000 0.000000
12.100000 0.000000
12.200000 0.000000
12.300000 0.000000
12.400000 0.000000
12.500000 0.000000
12.600000 0.000000
12.700000 0.000000
12.800000 0.000000
12.900000 0.000000
13.000000 0.000000
13.100000 0.000000
13.200000 0.000000
13.300000 0.000000
13.400000 0.000000
13.500000 0.000000
13.600000 0.000000
13.700000 0.000000
13.800000 0.000000
13.900000 0.000000
14.000000 0.000000
14.100000 0.000000
14.200000 0.000000
14.300000 0.000000
14.400000 0.000000
14.500000 0.000000
14.600000 0.000000
14.700000 0.000000
14.800000 0.000000
14.900000 0.000000
15.000000 0.000000
15.100000 0.000000
15.200000 0.000000
15.300000 0.000000
15.400000 0.000000
15.500000 0.000000
15.600000 0.000000
15.700000 0.000000
15.800000 0.000000
15.900000 0.000000
16.000000 0.000000
16.100000 0.000000
16.200000 0.000000
16.300000 0.000000
16.400000 0.000000
16.500000 0.000000
16.600000 0.000000
16.700000 0.000000
16.800000 0.000000
16.900000 0.000000
17.000000 0.000000
17.100000 0.000000
17.200000 0.000000
17.300000 0.000000
17.400000 0.000000
17.500000 0.000000
17.600000 0.000000
17.700000 0.000000
17.800000 0.000000
17.900000 0.000000
18.000000 0.000000
18.100000 0.000000
18.200000 0.000000
18.300000 0.000000
18.400000 0.000000
18.500000 0.000000
18.600000 0.000000
18.700000 0.000000
18.800000 0.000000
18.900000 0.000000
19.000000 0.000000
19.100000 0.000000
19.200000 0.000000
19.300000 0.000000
19.400000 0.000000
19.500000 0.000000
19.600000 0.000000
19.700000 0.000000
19.800000 0.000000
19.900000 0.000000
20.000000 0.000000
