0.100000 0.000000
0.200000 0.000000
0.300000 0.000000
0.400000 0.000000
0.500000 0.000000
0.600000 0.327280
0.700000 22.934960
0.800000 32.059400
0.900000 40.148480
1.000000 42.664620
1.100000 40.828740
1.200000 37.765760
1.300000 33.825940
1.400000 29.911180
1.500000 26.800040
1.600000 24.289580
1.700000 22.151680
1.800000 20.340720
1.900000 18.753060
2.000000 17.297960
2.100000 15.835080
2.200000 14.551940
2.300000 13.341580
2.400000 12.245380
2.500000 11.261620
2.600000 10.365940
2.700000 9.591700
2.800000 8.839160
2.900000 8.126480
3.000000 7.483820
3.100000 6.878060
3.200000 6.284800
3.300000 5.773840
3.400000 5.285220
3.500000 4.826020
3.600000 4.408140
3.700000 4.023960
3.800000 3.662960
3.900000 3.340500
4.000000 3.031280
4.100000 2.753420
4.200000 2.497720
4.300000 2.269780
4.400000 2.060020
4.500000 1.864860
4.600000 1.686040
4.700000 1.521560
4.800000 1.376980
4.900000 1.242900
5.000000 1.118160
5.100000 1.006100
5.200000 0.904220
5.300000 0.812580
5.400000 0.725440
5.500000 0.650040
5.600000 0.582140
5.700000 0.518540
5.800000 0.464240
5.900000 0.412380
6.000000 0.365780
6.100000 0.326020
6.200000 0.289040
6.300000 0.255040
6.400000 0.225820
6.500000 0.198680
6.600000 0.176380
6.700000 0.155180
6.800000 0.135600
6.900000 0.119720
7.000000 0.105160
7.100000 0.091740
7.200000 0.080120
7.300000 0.069820
7.400000 0.060460
7.500000 0.052680
7.600000 0.045860
7.700000 0.039260
7.800000 0.034400
7.900000 0.029420
8.000000 0.025400
8.100000 0.022000
8.200000 0.018620
8.300000 0.015980
8.400000 0.013820
8.500000 0.011780
8.600000 0.010040
8.700000 0.008400
8.800000 0.007180
8.900000 0.006060
9.000000 0.005140
9.100000 0.004240
9.200000 0.003640
9.300000 0.003060
9.400000 0.002560
9.500000 0.002180
9.600000 0.001780
9.700000 0.001500
9.800000 0.001220
9.900000 0.001020
10.000000 0.000880
10.100000 0.000700
10.200000 0.000540
10.300000 0.000480
10.400000 0.000360
10.500000 0.000300
10.600000 0.000220
10.700000 0.000220
10.800000 0.000140
10.900000 0.000140
11.000000 0.000100
11.100000 0.000100
11.200000 0.000100
11.300000 0.000040
11.400000 0.000020
11.500000 0.000000
11.600000 0.000000
11.700000 0.000000
11.800000 0.000000
11.900000 0.000000
12.000000 0.000000
12.100000 0.000000
12.200000 0.000000
12.300000 0.000000
12.400000 0.000000
12.500000 0.000000
12.600000 0.000000
12.700000 0.000000
12.800000 0.000000
12.900000 0.000000
13.000000 0.000000
13.100000 0.000000
13.200000 0.000000
13.300000 0.000000
13.400000 0.000000
13.500000 0.000000
13.600000 0.000000
13.700000 0.000000
13.800000 0.000000
13.900000 0.000000
14.000000 0.000000
14.100000 0.000000
14.200000 0.000000
14.300000 0.000000
14.400000 0.000000
14.500000 0.000000
14.600000 0.000000
14.700000 0.000000
14.800000 0.000000
14.900000 0.000000
15.000000 0.000000
15.100000 0.000000
15.200000 0.000000
15.300000 0.000000
15.400000 0.000000
15.500000 0.000000
15.600000 0.000000
15.700000 0.000000
15.800000 0.000000
15.900000 0.000000
16.000000 0.000000
16.100000 0.000000
16.200000 0.000000
16.300000 0.000000
16.400000 0.000000
16.500000 0.000000
16.600000 0.000000
16.700000 0.000000
16.800000 0.000000
16.900000 0.000000
17.000000 0.000000
17.100000 0.000000
17.200000 0.000000
17.300000 0.000000
17.400000 0.000000
17.500000 0.000000
17.600000 0.000000
17.700000 0.000000
17.800000 0.000000
17.900000 0.000000
18.000000 0.000000
18.100000 0.000000
18.200000 0.000000
18.300000 0.000000
18.400000 0.000000
18.500000 0.000000
18.600000 0.000000
18.700000 0.000000
18.800000 0.000000
18.900000 0.000000
19.000000 0.000000
19.100000 0.000000
19.200000 0.000000
19.300000 0.000000
19.400000 0.000000
19.500000 0.000000
19.600000 0.000000
19.700000 0.000000
19.800000 0.000000
19.900000 0.000000
20.000000 0.000000
