0.10000000 0.00000000
0.20000000 0.00000000
0.30000000 0.00000000
0.40000000 0.00000000
0.50000000 0.00212000
0.60000000 24.42310000
0.70000000 245.78324000
0.80000000 320.90180000
0.90000000 137.85864000
1.00000000 170.95460000
1.10000000 203.18010000
1.20000000 159.85016000
1.30000000 142.96304000
1.40000000 145.96116000
1.50000000 120.98798000
1.60000000 98.23414000
1.70000000 98.61362000
1.80000000 101.93930000
1.90000000 103.09120000
2.00000000 100.98004000
2.10000000 95.05718000
2.20000000 88.18764000
2.30000000 82.79776000
2.40000000 78.35798000
2.50000000 74.20026000
2.60000000 70.10896000
2.70000000 66.24268000
2.80000000 62.42690000
2.90000000 58.74286000
3.00000000 55.08790000
3.10000000 51.71666000
3.20000000 48.57918000
3.30000000 45.70260000
3.40000000 42.98280000
3.50000000 40.46540000
3.60000000 37.96988000
3.70000000 35.50160000
3.80000000 33.26590000
3.90000000 31.09336000
4.00000000 29.01612000
4.10000000 27.06624000
4.20000000 25.27184000
4.30000000 23.43124000
4.40000000 21.85932000
4.50000000 20.32158000
4.60000000 18.82504000
4.70000000 17.45912000
4.80000000 16.16762000
4.90000000 14.91898000
5.00000000 13.77650000
5.10000000 12.72916000
5.20000000 11.68950000
5.30000000 10.77914000
5.40000000 9.92552000
5.50000000 9.10228000
5.60000000 8.35578000
5.70000000 7.65864000
5.80000000 7.02020000
5.90000000 6.41504000
6.00000000 5.87812000
6.10000000 5.38624000
6.20000000 4.92862000
6.30000000 4.50226000
6.40000000 4.11270000
6.50000000 3.75300000
6.60000000 3.43530000
6.70000000 3.14644000
6.80000000 2.87842000
6.90000000 2.63844000
7.00000000 2.41870000
7.10000000 2.22410000
7.20000000 2.04918000
7.30000000 1.89908000
7.40000000 1.75932000
7.50000000 1.62486000
7.60000000 1.50824000
7.70000000 1.41562000
7.80000000 1.32010000
7.90000000 1.24200000
8.00000000 1.17338000
8.10000000 1.11374000
8.20000000 1.06254000
8.30000000 1.01170000
8.40000000 0.96634000
8.50000000 0.93610000
8.60000000 0.89626000
8.70000000 0.87592000
8.80000000 0.84866000
8.90000000 0.82878000
9.00000000 0.81644000
9.10000000 0.80196000
9.20000000 0.78858000
9.30000000 0.77672000
9.40000000 0.77022000
9.50000000 0.76230000
9.60000000 0.75784000
9.70000000 0.75210000
9.80000000 0.74720000
9.90000000 0.75180000
10.00000000 0.74866000
10.10000000 0.74670000
10.20000000 0.74336000
10.30000000 0.74604000
10.40000000 0.74882000
10.50000000 0.74590000
10.60000000 0.74856000
10.70000000 0.74984000
10.80000000 0.75058000
10.90000000 0.75096000
11.00000000 0.75342000
11.10000000 0.75716000
11.20000000 0.75816000
11.30000000 0.75590000
11.40000000 0.76188000
11.50000000 0.76416000
11.60000000 0.76532000
11.70000000 0.77004000
11.80000000 0.76864000
11.90000000 0.77466000
12.00000000 0.77760000
12.10000000 0.78008000
12.20000000 0.77648000
12.30000000 0.78418000
12.40000000 0.78696000
12.50000000 0.78546000
12.60000000 0.78816000
12.70000000 0.79316000
12.80000000 0.79398000
12.90000000 0.79446000
13.00000000 0.79700000
13.10000000 0.79970000
13.20000000 0.80060000
13.30000000 0.80690000
13.40000000 0.80978000
13.50000000 0.81162000
13.60000000 0.81470000
13.70000000 0.81694000
13.80000000 0.81820000
13.90000000 0.81948000
14.00000000 0.82218000
14.10000000 0.82354000
14.20000000 0.82512000
14.30000000 0.82820000
14.40000000 0.82896000
14.50000000 0.83286000
14.60000000 0.83534000
14.70000000 0.83494000
14.80000000 0.83624000
14.90000000 0.83768000
15.00000000 0.84160000
15.10000000 0.84220000
15.20000000 0.84528000
15.30000000 0.84606000
15.40000000 0.84632000
15.50000000 0.84872000
15.60000000 0.84990000
15.70000000 0.85030000
15.80000000 0.85630000
15.90000000 0.85416000
16.00000000 0.85852000
16.10000000 0.85442000
16.20000000 0.86040000
16.30000000 0.86120000
16.40000000 0.86142000
16.50000000 0.86574000
16.60000000 0.86604000
16.70000000 0.87018000
16.80000000 0.86790000
16.90000000 0.87042000
17.00000000 0.87078000
17.10000000 0.87132000
17.20000000 0.87374000
17.30000000 0.87568000
17.40000000 0.87492000
17.50000000 0.87688000
17.60000000 0.87956000
17.70000000 0.87990000
17.80000000 0.87986000
17.90000000 0.88548000
18.00000000 0.88430000
18.10000000 0.88238000
18.20000000 0.88340000
18.30000000 0.88660000
18.40000000 0.88908000
18.50000000 0.88792000
18.60000000 0.88966000
18.70000000 0.88872000
18.80000000 0.89076000
18.90000000 0.88892000
19.00000000 0.89322000
19.10000000 0.89312000
19.20000000 0.89374000
19.30000000 0.89266000
19.40000000 0.89232000
19.50000000 0.89596000
19.60000000 0.89596000
19.70000000 0.89714000
19.80000000 0.89714000
19.90000000 0.89540000
20.00000000 0.89828000
