0.100000 0.000000
0.200000 0.000000
0.300000 0.000000
0.400000 0.000000
0.500000 0.000000
0.600000 0.001091
0.700000 0.608958
0.800000 1.890065
0.900000 0.893313
1.000000 0.960671
1.100000 0.950313
1.200000 0.714828
1.300000 0.642772
1.400000 0.680634
1.500000 0.733718
1.600000 0.786469
1.700000 0.826571
1.800000 0.823684
1.900000 0.790129
2.000000 0.778009
2.100000 0.776488
2.200000 0.773190
2.300000 0.771901
2.400000 0.764200
2.500000 0.756568
2.600000 0.745550
2.700000 0.737748
2.800000 0.727371
2.900000 0.719319
3.000000 0.709682
3.100000 0.701916
3.200000 0.693177
3.300000 0.683778
3.400000 0.676087
3.500000 0.669744
3.600000 0.660655
3.700000 0.652728
3.800000 0.646398
3.900000 0.637725
4.000000 0.629922
4.100000 0.622410
4.200000 0.615122
4.300000 0.607052
4.400000 0.599647
4.500000 0.591828
4.600000 0.584019
4.700000 0.576856
4.800000 0.568194
4.900000 0.560984
5.000000 0.553244
5.100000 0.545546
5.200000 0.538224
5.300000 0.530712
5.400000 0.521866
5.500000 0.515101
5.600000 0.507506
5.700000 0.500491
5.800000 0.492710
5.900000 0.484731
6.000000 0.477314
6.100000 0.470274
6.200000 0.462795
6.300000 0.455427
6.400000 0.448237
6.500000 0.441052
6.600000 0.433520
6.700000 0.426888
6.800000 0.419032
6.900000 0.412152
7.000000 0.404912
7.100000 0.398630
7.200000 0.390652
7.300000 0.383944
7.400000 0.377263
7.500000 0.370166
7.600000 0.363258
7.700000 0.356647
7.800000 0.349883
7.900000 0.343130
8.000000 0.336578
8.100000 0.329964
8.200000 0.323135
8.300000 0.316419
8.400000 0.310258
8.500000 0.303852
8.600000 0.297629
8.700000 0.291298
8.800000 0.284752
8.900000 0.278609
9.000000 0.272506
9.100000 0.266307
9.200000 0.260260
9.300000 0.254005
9.400000 0.248553
9.500000 0.242400
9.600000 0.236672
9.700000 0.230836
9.800000 0.225174
9.900000 0.219453
10.000000 0.213851
10.100000 0.208358
10.200000 0.202915
10.300000 0.197425
10.400000 0.192049
10.500000 0.186773
10.600000 0.181576
10.700000 0.176612
10.800000 0.171351
10.900000 0.166244
11.000000 0.161335
11.100000 0.156484
11.200000 0.151518
11.300000 0.146809
11.400000 0.142183
11.500000 0.137497
11.600000 0.132994
11.700000 0.128427
11.800000 0.124118
11.900000 0.119666
12.000000 0.115598
12.100000 0.111357
12.200000 0.107255
12.300000 0.103230
12.400000 0.099275
12.500000 0.095392
12.600000 0.091520
12.700000 0.087846
12.800000 0.084140
12.900000 0.080623
13.000000 0.077137
13.100000 0.073682
13.200000 0.070411
13.300000 0.067243
13.400000 0.063968
13.500000 0.060869
13.600000 0.057943
13.700000 0.055040
13.800000 0.052260
13.900000 0.049523
14.000000 0.046821
14.100000 0.044341
14.200000 0.041785
14.300000 0.039431
14.400000 0.037094
14.500000 0.034824
14.600000 0.032713
14.700000 0.030675
14.800000 0.028639
14.900000 0.026816
15.000000 0.025003
15.100000 0.023230
15.200000 0.021578
15.300000 0.020083
15.400000 0.018573
15.500000 0.017146
15.600000 0.015855
15.700000 0.014541
15.800000 0.013360
15.900000 0.012250
16.000000 0.011236
16.100000 0.010211
16.200000 0.009347
16.300000 0.008474
16.400000 0.007682
16.500000 0.006947
16.600000 0.006290
16.700000 0.005656
16.800000 0.005068
16.900000 0.004575
17.000000 0.004074
17.100000 0.003637
17.200000 0.003230
17.300000 0.002880
17.400000 0.002546
17.500000 0.002257
17.600000 0.001986
17.700000 0.001742
17.800000 0.001537
17.900000 0.001340
18.000000 0.001179
18.100000 0.001019
18.200000 0.000881
18.300000 0.000772
18.400000 0.000669
18.500000 0.000574
18.600000 0.000493
18.700000 0.000421
18.800000 0.000364
18.900000 0.000307
19.000000 0.000263
19.100000 0.000223
19.200000 0.000188
19.300000 0.000161
19.400000 0.000134
19.500000 0.000113
19.600000 0.000096
19.700000 0.000078
19.800000 0.000067
19.900000 0.000054
20.000000 0.000047
