0.10000000 0.00000000
0.20000000 0.00000000
0.30000000 0.00000000
0.40000000 0.00000000
0.50000000 0.00000000
0.60000000 0.00000000
0.70000000 0.53488000
0.80000000 50.50882000
0.90000000 183.11976000
1.00000000 244.40354000
1.10000000 242.77516000
1.20000000 222.62472000
1.30000000 201.30500000
1.40000000 182.28310000
1.50000000 168.61394000
1.60000000 158.04758000
1.70000000 150.40318000
1.80000000 141.95574000
1.90000000 133.57980000
2.00000000 125.15084000
2.10000000 117.38290000
2.20000000 110.65838000
2.30000000 104.78988000
2.40000000 99.66254000
2.50000000 94.91472000
2.60000000 90.42474000
2.70000000 86.44758000
2.80000000 81.99204000
2.90000000 77.80224000
3.00000000 73.63690000
3.10000000 69.67600000
3.20000000 65.75790000
3.30000000 62.03548000
3.40000000 58.19448000
3.50000000 54.76510000
3.60000000 51.25452000
3.70000000 47.94622000
3.80000000 44.86450000
3.90000000 41.89446000
4.00000000 39.01922000
4.10000000 36.26048000
4.20000000 33.69684000
4.30000000 31.29620000
4.40000000 28.98944000
4.50000000 26.79052000
4.60000000 24.80512000
4.70000000 22.86010000
4.80000000 21.05566000
4.90000000 19.35868000
5.00000000 17.74754000
5.10000000 16.30600000
5.20000000 14.92346000
5.30000000 13.69074000
5.40000000 12.48766000
5.50000000 11.40378000
5.60000000 10.36760000
5.70000000 9.43058000
5.80000000 8.54722000
5.90000000 7.75100000
6.00000000 7.02150000
6.10000000 6.38284000
6.20000000 5.75140000
6.30000000 5.17842000
6.40000000 4.69704000
6.50000000 4.24014000
6.60000000 3.82012000
6.70000000 3.45832000
6.80000000 3.10494000
6.90000000 2.80468000
7.00000000 2.54106000
7.10000000 2.29968000
7.20000000 2.07750000
7.30000000 1.88770000
7.40000000 1.72784000
7.50000000 1.56610000
7.60000000 1.42794000
7.70000000 1.32182000
7.80000000 1.21734000
7.90000000 1.12810000
8.00000000 1.05384000
8.10000000 0.98296000
8.20000000 0.92736000
8.30000000 0.87364000
8.40000000 0.83572000
8.50000000 0.79256000
8.60000000 0.76048000
8.70000000 0.73344000
8.80000000 0.70934000
8.90000000 0.68866000
9.00000000 0.67824000
9.10000000 0.66692000
9.20000000 0.65380000
9.30000000 0.64626000
9.40000000 0.63980000
9.50000000 0.63152000
9.60000000 0.62848000
9.70000000 0.62634000
9.80000000 0.62392000
9.90000000 0.62362000
10.00000000 0.62836000
10.10000000 0.62738000
10.20000000 0.62886000
10.30000000 0.63076000
10.40000000 0.63222000
10.50000000 0.63376000
10.60000000 0.63772000
10.70000000 0.64074000
10.80000000 0.64322000
10.90000000 0.64586000
11.00000000 0.65014000
11.10000000 0.65348000
11.20000000 0.65934000
11.30000000 0.66196000
11.40000000 0.66382000
11.50000000 0.66770000
11.60000000 0.67222000
11.70000000 0.67790000
11.80000000 0.67718000
11.90000000 0.68422000
12.00000000 0.68822000
12.10000000 0.69200000
12.20000000 0.69692000
12.30000000 0.70448000
12.40000000 0.70272000
12.50000000 0.70698000
12.60000000 0.71298000
12.70000000 0.71842000
12.80000000 0.71854000
12.90000000 0.72144000
13.00000000 0.72594000
13.10000000 0.72706000
13.20000000 0.73032000
13.30000000 0.73424000
13.40000000 0.73808000
13.50000000 0.73976000
13.60000000 0.74278000
13.70000000 0.74596000
13.80000000 0.75128000
13.90000000 0.74866000
14.00000000 0.75272000
14.10000000 0.75814000
14.20000000 0.76264000
14.30000000 0.76246000
14.40000000 0.76604000
14.50000000 0.76874000
14.60000000 0.77118000
14.70000000 0.77268000
14.80000000 0.77532000
14.90000000 0.77704000
15.00000000 0.78174000
15.10000000 0.78312000
15.20000000 0.78472000
15.30000000 0.78986000
15.40000000 0.79048000
15.50000000 0.79090000
15.60000000 0.79302000
15.70000000 0.79920000
15.80000000 0.80088000
15.90000000 0.80020000
16.00000000 0.80180000
16.10000000 0.80496000
16.20000000 0.80918000
16.30000000 0.80876000
16.40000000 0.81046000
16.50000000 0.81402000
16.60000000 0.81632000
16.70000000 0.81952000
16.80000000 0.82036000
16.90000000 0.82202000
17.00000000 0.82440000
17.10000000 0.82738000
17.20000000 0.83048000
17.30000000 0.82920000
17.40000000 0.83304000
17.50000000 0.83164000
17.60000000 0.83268000
17.70000000 0.83462000
17.80000000 0.83544000
17.90000000 0.83574000
18.00000000 0.83796000
18.10000000 0.84002000
18.20000000 0.84262000
18.30000000 0.84264000
18.40000000 0.84218000
18.50000000 0.84312000
18.60000000 0.84472000
18.70000000 0.84692000
18.80000000 0.84640000
18.90000000 0.84872000
19.00000000 0.84730000
19.10000000 0.85062000
19.20000000 0.85128000
19.30000000 0.85232000
19.40000000 0.85250000
19.50000000 0.85406000
19.60000000 0.85598000
19.70000000 0.85492000
19.80000000 0.85740000
19.90000000 0.85520000
20.00000000 0.85740000
