0.10000000 0.00000000
0.20000000 0.00000000
0.30000000 0.00000000
0.40000000 0.00000000
0.50000000 6.94116000
0.60000000 117.94310000
0.70000000 293.98444000
0.80000000 322.56160000
0.90000000 142.36488000
1.00000000 176.58540000
1.10000000 188.61950000
1.20000000 133.50192000
1.30000000 115.10864000
1.40000000 118.01108000
1.50000000 115.09390000
1.60000000 112.01670000
1.70000000 110.33638000
1.80000000 103.64806000
1.90000000 95.28110000
2.00000000 91.45814000
2.10000000 88.51396000
2.20000000 84.47112000
2.30000000 80.41220000
2.40000000 76.17046000
2.50000000 71.95722000
2.60000000 68.08054000
2.70000000 64.11954000
2.80000000 60.61408000
2.90000000 57.29930000
3.00000000 53.98030000
3.10000000 50.79750000
3.20000000 47.83406000
3.30000000 44.97504000
3.40000000 42.22454000
3.50000000 39.67576000
3.60000000 37.18886000
3.70000000 34.90422000
3.80000000 32.73756000
3.90000000 30.63698000
4.00000000 28.66162000
4.10000000 26.73882000
4.20000000 24.97516000
4.30000000 23.21840000
4.40000000 21.59944000
4.50000000 20.11714000
4.60000000 18.68012000
4.70000000 17.30952000
4.80000000 16.05348000
4.90000000 14.80270000
5.00000000 13.69560000
5.10000000 12.63404000
5.20000000 11.65240000
5.30000000 10.70152000
5.40000000 9.85272000
5.50000000 9.06454000
5.60000000 8.31698000
5.70000000 7.63680000
5.80000000 6.98372000
5.90000000 6.38096000
6.00000000 5.86842000
6.10000000 5.35986000
6.20000000 4.89946000
6.30000000 4.48198000
6.40000000 4.09400000
6.50000000 3.74824000
6.60000000 3.42548000
6.70000000 3.13588000
6.80000000 2.87034000
6.90000000 2.62882000
7.00000000 2.41274000
7.10000000 2.22710000
7.20000000 2.04648000
7.30000000 1.88194000
7.40000000 1.74774000
7.50000000 1.62276000
7.60000000 1.50800000
7.70000000 1.41208000
7.80000000 1.31776000
7.90000000 1.23956000
8.00000000 1.17166000
8.10000000 1.11168000
8.20000000 1.06262000
8.30000000 1.00834000
8.40000000 0.96840000
8.50000000 0.93208000
8.60000000 0.90058000
8.70000000 0.87736000
8.80000000 0.85218000
8.90000000 0.82924000
9.00000000 0.81368000
9.10000000 0.80334000
9.20000000 0.78700000
9.30000000 0.77694000
9.40000000 0.76858000
9.50000000 0.76282000
9.60000000 0.75790000
9.70000000 0.75256000
9.80000000 0.75078000
9.90000000 0.75124000
10.00000000 0.74742000
10.10000000 0.74820000
10.20000000 0.74618000
10.30000000 0.74600000
10.40000000 0.74642000
10.50000000 0.75114000
10.60000000 0.74716000
10.70000000 0.74700000
10.80000000 0.75100000
10.90000000 0.75376000
11.00000000 0.75630000
11.10000000 0.75294000
11.20000000 0.75960000
11.30000000 0.76070000
11.40000000 0.76164000
11.50000000 0.76366000
11.60000000 0.76370000
11.70000000 0.76960000
11.80000000 0.76960000
11.90000000 0.77334000
12.00000000 0.77572000
12.10000000 0.77864000
12.20000000 0.77938000
12.30000000 0.78262000
12.40000000 0.78778000
12.50000000 0.78672000
12.60000000 0.78956000
12.70000000 0.79388000
12.80000000 0.79054000
12.90000000 0.79516000
13.00000000 0.79898000
13.10000000 0.80140000
13.20000000 0.80250000
13.30000000 0.80608000
13.40000000 0.80740000
13.50000000 0.81134000
13.60000000 0.81604000
13.70000000 0.81614000
13.80000000 0.81558000
13.90000000 0.81968000
14.00000000 0.82228000
14.10000000 0.82448000
14.20000000 0.82594000
14.30000000 0.82976000
14.40000000 0.83202000
14.50000000 0.83280000
14.60000000 0.83336000
14.70000000 0.83626000
14.80000000 0.83632000
14.90000000 0.84006000
15.00000000 0.84082000
15.10000000 0.84268000
15.20000000 0.84442000
15.30000000 0.84482000
15.40000000 0.84802000
15.50000000 0.85012000
15.60000000 0.85036000
15.70000000 0.85314000
15.80000000 0.85436000
15.90000000 0.85476000
16.00000000 0.85452000
16.10000000 0.85866000
16.20000000 0.86050000
16.30000000 0.86008000
16.40000000 0.86414000
16.50000000 0.86404000
16.60000000 0.86660000
16.70000000 0.87058000
16.80000000 0.86802000
16.90000000 0.87180000
17.00000000 0.87154000
17.10000000 0.87062000
17.20000000 0.87472000
17.30000000 0.87478000
17.40000000 0.87698000
17.50000000 0.87748000
17.60000000 0.87982000
17.70000000 0.88218000
17.80000000 0.88266000
17.90000000 0.88278000
18.00000000 0.88258000
18.10000000 0.88450000
18.20000000 0.88534000
18.30000000 0.88656000
18.40000000 0.88880000
18.50000000 0.88848000
18.60000000 0.89062000
18.70000000 0.89030000
18.80000000 0.89096000
18.90000000 0.89058000
19.00000000 0.89308000
19.10000000 0.89430000
19.20000000 0.89300000
19.30000000 0.89508000
19.40000000 0.89658000
19.50000000 0.89432000
19.60000000 0.89544000
19.70000000 0.89660000
19.80000000 0.89810000
19.90000000 0.89802000
20.00000000 0.89786000
