0.100000 0.000000
0.200000 0.000000
0.300000 0.000000
0.400000 0.000000
0.500000 0.000000
0.600000 0.000979
0.700000 0.122996
0.800000 0.542025
0.900000 0.891927
1.000000 1.064652
1.100000 1.118268
1.200000 1.100547
1.300000 1.039076
1.400000 0.973787
1.500000 0.920473
1.600000 0.890676
1.700000 0.867307
1.800000 0.847394
1.900000 0.832204
2.000000 0.815589
2.100000 0.798518
2.200000 0.783388
2.300000 0.772289
2.400000 0.761414
2.500000 0.755868
2.600000 0.751938
2.700000 0.748067
2.800000 0.743876
2.900000 0.738897
3.000000 0.731503
3.100000 0.724041
3.200000 0.716163
3.300000 0.709064
3.400000 0.700249
3.500000 0.691750
3.600000 0.683574
3.700000 0.675228
3.800000 0.666783
3.900000 0.657800
4.000000 0.648927
4.100000 0.640813
4.200000 0.632328
4.300000 0.623707
4.400000 0.615486
4.500000 0.607684
4.600000 0.599006
4.700000 0.591239
4.800000 0.583448
4.900000 0.575091
5.000000 0.567002
5.100000 0.559495
5.200000 0.551177
5.300000 0.543523
5.400000 0.535074
5.500000 0.527129
5.600000 0.519557
5.700000 0.511725
5.800000 0.503818
5.900000 0.495824
6.000000 0.488349
6.100000 0.480419
6.200000 0.472775
6.300000 0.465384
6.400000 0.457491
6.500000 0.450248
6.600000 0.442574
6.700000 0.434908
6.800000 0.427756
6.900000 0.420042
7.000000 0.412898
7.100000 0.405463
7.200000 0.398047
7.300000 0.390993
7.400000 0.384043
7.500000 0.376906
7.600000 0.369519
7.700000 0.362598
7.800000 0.355570
7.900000 0.348549
8.000000 0.341748
8.100000 0.334972
8.200000 0.328048
8.300000 0.321424
8.400000 0.314564
8.500000 0.307905
8.600000 0.301521
8.700000 0.294842
8.800000 0.288350
8.900000 0.281939
9.000000 0.275574
9.100000 0.269326
9.200000 0.262851
9.300000 0.256788
9.400000 0.250713
9.500000 0.244725
9.600000 0.238695
9.700000 0.232572
9.800000 0.226682
9.900000 0.220971
10.000000 0.215013
10.100000 0.209402
10.200000 0.203743
10.300000 0.198150
10.400000 0.192564
10.500000 0.187238
10.600000 0.181801
10.700000 0.176512
10.800000 0.171230
10.900000 0.166172
11.000000 0.160999
11.100000 0.156107
11.200000 0.151064
11.300000 0.146186
11.400000 0.141349
11.500000 0.136661
11.600000 0.131938
11.700000 0.127364
11.800000 0.122896
11.900000 0.118391
12.000000 0.113978
12.100000 0.109738
12.200000 0.105587
12.300000 0.101383
12.400000 0.097454
12.500000 0.093336
12.600000 0.089558
12.700000 0.085809
12.800000 0.082095
12.900000 0.078487
13.000000 0.074969
13.100000 0.071507
13.200000 0.068162
13.300000 0.064864
13.400000 0.061660
13.500000 0.058553
13.600000 0.055512
13.700000 0.052587
13.800000 0.049706
13.900000 0.046981
14.000000 0.044337
14.100000 0.041702
14.200000 0.039265
14.300000 0.036881
14.400000 0.034598
14.500000 0.032399
14.600000 0.030278
14.700000 0.028248
14.800000 0.026307
14.900000 0.024449
15.000000 0.022674
15.100000 0.021020
15.200000 0.019404
15.300000 0.017869
15.400000 0.016495
15.500000 0.015153
15.600000 0.013865
15.700000 0.012679
15.800000 0.011555
15.900000 0.010512
16.000000 0.009558
16.100000 0.008641
16.200000 0.007818
16.300000 0.007042
16.400000 0.006339
16.500000 0.005678
16.600000 0.005067
16.700000 0.004525
16.800000 0.004024
16.900000 0.003568
17.000000 0.003155
17.100000 0.002779
17.200000 0.002453
17.300000 0.002152
17.400000 0.001881
17.500000 0.001642
17.600000 0.001426
17.700000 0.001241
17.800000 0.001073
17.900000 0.000925
18.000000 0.000791
18.100000 0.000681
18.200000 0.000581
18.300000 0.000496
18.400000 0.000421
18.500000 0.000357
18.600000 0.000302
18.700000 0.000255
18.800000 0.000214
18.900000 0.000178
19.000000 0.000150
19.100000 0.000123
19.200000 0.000103
19.300000 0.000084
19.400000 0.000070
19.500000 0.000057
19.600000 0.000048
19.700000 0.000039
19.800000 0.000032
19.900000 0.000025
20.000000 0.000021
