0.10000000 0.00000000
0.20000000 0.00000000
0.30000000 0.00000000
0.40000000 0.00000000
0.50000000 0.00000000
0.60000000 0.13826000
0.70000000 21.69176000
0.80000000 100.31450000
0.90000000 173.76708000
1.00000000 212.52876000
1.10000000 224.59216000
1.20000000 220.10630000
1.30000000 204.98672000
1.40000000 187.47042000
1.50000000 172.42816000
1.60000000 160.58190000
1.70000000 150.35378000
1.80000000 141.30594000
1.90000000 133.14280000
2.00000000 125.77474000
2.10000000 118.56506000
2.20000000 111.87872000
2.30000000 105.50498000
2.40000000 99.96994000
2.50000000 94.86594000
2.60000000 90.51018000
2.70000000 86.13814000
2.80000000 82.16000000
2.90000000 78.00606000
3.00000000 73.87776000
3.10000000 69.83584000
3.20000000 65.82322000
3.30000000 62.00452000
3.40000000 58.29558000
3.50000000 54.80530000
3.60000000 51.30750000
3.70000000 48.04684000
3.80000000 44.91286000
3.90000000 41.88690000
4.00000000 38.97688000
4.10000000 36.24240000
4.20000000 33.67064000
4.30000000 31.22400000
4.40000000 28.95054000
4.50000000 26.79268000
4.60000000 24.73322000
4.70000000 22.82106000
4.80000000 21.02650000
4.90000000 19.33616000
5.00000000 17.71232000
5.10000000 16.29770000
5.20000000 14.92182000
5.30000000 13.65048000
5.40000000 12.41690000
5.50000000 11.33184000
5.60000000 10.35594000
5.70000000 9.37974000
5.80000000 8.52644000
5.90000000 7.71344000
6.00000000 7.00164000
6.10000000 6.32406000
6.20000000 5.72880000
6.30000000 5.17826000
6.40000000 4.67380000
6.50000000 4.21632000
6.60000000 3.80182000
6.70000000 3.42984000
6.80000000 3.09824000
6.90000000 2.78632000
7.00000000 2.52828000
7.10000000 2.28440000
7.20000000 2.07094000
7.30000000 1.87678000
7.40000000 1.71456000
7.50000000 1.55960000
7.60000000 1.42844000
7.70000000 1.31122000
7.80000000 1.21492000
7.90000000 1.12676000
8.00000000 1.04820000
8.10000000 0.98044000
8.20000000 0.92786000
8.30000000 0.87322000
8.40000000 0.82652000
8.50000000 0.79328000
8.60000000 0.75990000
8.70000000 0.73470000
8.80000000 0.70722000
8.90000000 0.69344000
9.00000000 0.67622000
9.10000000 0.66158000
9.20000000 0.65562000
9.30000000 0.64356000
9.40000000 0.64076000
9.50000000 0.63334000
9.60000000 0.62920000
9.70000000 0.62518000
9.80000000 0.62312000
9.90000000 0.62658000
10.00000000 0.62730000
10.10000000 0.62728000
10.20000000 0.62690000
10.30000000 0.63206000
10.40000000 0.63466000
10.50000000 0.63604000
10.60000000 0.63866000
10.70000000 0.64032000
10.80000000 0.64178000
10.90000000 0.64840000
11.00000000 0.65098000
11.10000000 0.65300000
11.20000000 0.65578000
11.30000000 0.66278000
11.40000000 0.66670000
11.50000000 0.66804000
11.60000000 0.67110000
11.70000000 0.67880000
11.80000000 0.68118000
11.90000000 0.68430000
12.00000000 0.68636000
12.10000000 0.69240000
12.20000000 0.69740000
12.30000000 0.69942000
12.40000000 0.70380000
12.50000000 0.70668000
12.60000000 0.71146000
12.70000000 0.71476000
12.80000000 0.71630000
12.90000000 0.72148000
13.00000000 0.72476000
13.10000000 0.72748000
13.20000000 0.73238000
13.30000000 0.73370000
13.40000000 0.73670000
13.50000000 0.73774000
13.60000000 0.74308000
13.70000000 0.74400000
13.80000000 0.74910000
13.90000000 0.74840000
14.00000000 0.75194000
14.10000000 0.75948000
14.20000000 0.75874000
14.30000000 0.76052000
14.40000000 0.76708000
14.50000000 0.76914000
14.60000000 0.77010000
14.70000000 0.77378000
14.80000000 0.77514000
14.90000000 0.77856000
15.00000000 0.78172000
15.10000000 0.78230000
15.20000000 0.78522000
15.30000000 0.78612000
15.40000000 0.79044000
15.50000000 0.79286000
15.60000000 0.79476000
15.70000000 0.79602000
15.80000000 0.79844000
15.90000000 0.80134000
16.00000000 0.80180000
16.10000000 0.80550000
16.20000000 0.80790000
16.30000000 0.81248000
16.40000000 0.81214000
16.50000000 0.81394000
16.60000000 0.81638000
16.70000000 0.81924000
16.80000000 0.81880000
16.90000000 0.82334000
17.00000000 0.82594000
17.10000000 0.82632000
17.20000000 0.82796000
17.30000000 0.82974000
17.40000000 0.83154000
17.50000000 0.83280000
17.60000000 0.83464000
17.70000000 0.83488000
17.80000000 0.83576000
17.90000000 0.83856000
18.00000000 0.83810000
18.10000000 0.83976000
18.20000000 0.84192000
18.30000000 0.84296000
18.40000000 0.84480000
18.50000000 0.84450000
18.60000000 0.84432000
18.70000000 0.84648000
18.80000000 0.84576000
18.90000000 0.84758000
19.00000000 0.84956000
19.10000000 0.85062000
19.20000000 0.85236000
19.30000000 0.85246000
19.40000000 0.85296000
19.50000000 0.85462000
19.60000000 0.85408000
19.70000000 0.85546000
19.80000000 0.85712000
19.90000000 0.85696000
20.00000000 0.85908000
