0.10000000 0.00000000
0.20000000 0.00000000
0.30000000 0.00000000
0.40000000 0.00000000
0.50000000 0.02644912
0.60000000 0.43717761
0.70000000 1.08313072
0.80000000 1.25153062
0.90000000 0.76621998
1.00000000 0.90221734
1.10000000 0.95066674
1.20000000 0.78183549
1.30000000 0.72967741
1.40000000 0.74670791
1.50000000 0.75218586
1.60000000 0.76765111
1.70000000 0.79118355
1.80000000 0.79488475
1.90000000 0.78814097
2.00000000 0.78977516
2.10000000 0.78990360
2.20000000 0.78286263
2.30000000 0.77548686
2.40000000 0.76660062
2.50000000 0.75696228
2.60000000 0.74881971
2.70000000 0.74107538
2.80000000 0.73182459
2.90000000 0.72311684
3.00000000 0.71363426
3.10000000 0.70464775
3.20000000 0.69610194
3.30000000 0.68709173
3.40000000 0.67886315
3.50000000 0.67084759
3.60000000 0.66387383
3.70000000 0.65599087
3.80000000 0.64870902
3.90000000 0.64037947
4.00000000 0.63271307
4.10000000 0.62460506
4.20000000 0.61745708
4.30000000 0.60952741
4.40000000 0.60198138
4.50000000 0.59348887
4.60000000 0.58622007
4.70000000 0.57859367
4.80000000 0.57042662
4.90000000 0.56253026
5.00000000 0.55520830
5.10000000 0.54718751
5.20000000 0.53926525
5.30000000 0.53176201
5.40000000 0.52389646
5.50000000 0.51672492
5.60000000 0.50884358
5.70000000 0.50155752
5.80000000 0.49374801
5.90000000 0.48649510
6.00000000 0.47898754
6.10000000 0.47161609
6.20000000 0.46373567
6.30000000 0.45677232
6.40000000 0.44912110
6.50000000 0.44212663
6.60000000 0.43466908
6.70000000 0.42780833
6.80000000 0.42023666
6.90000000 0.41293953
7.00000000 0.40632545
7.10000000 0.39866778
7.20000000 0.39198400
7.30000000 0.38501542
7.40000000 0.37784495
7.50000000 0.37106197
7.60000000 0.36418756
7.70000000 0.35732493
7.80000000 0.35029651
7.90000000 0.34373024
8.00000000 0.33720470
8.10000000 0.33048766
8.20000000 0.32366966
8.30000000 0.31737850
8.40000000 0.31084823
8.50000000 0.30440797
8.60000000 0.29797842
8.70000000 0.29149221
8.80000000 0.28538259
8.90000000 0.27908173
9.00000000 0.27288575
9.10000000 0.26686208
9.20000000 0.26069209
9.30000000 0.25468623
9.40000000 0.24868204
9.50000000 0.24288970
9.60000000 0.23697446
9.70000000 0.23123542
9.80000000 0.22542948
9.90000000 0.21954114
10.00000000 0.21403786
10.10000000 0.20861128
10.20000000 0.20305551
10.30000000 0.19762959
10.40000000 0.19234272
10.50000000 0.18692574
10.60000000 0.18174731
10.70000000 0.17657359
10.80000000 0.17143816
10.90000000 0.16624460
11.00000000 0.16135329
11.10000000 0.15646366
11.20000000 0.15152647
11.30000000 0.14690630
11.40000000 0.14209582
11.50000000 0.13736331
11.60000000 0.13280868
11.70000000 0.12841462
11.80000000 0.12399493
11.90000000 0.11963108
12.00000000 0.11545729
12.10000000 0.11119746
12.20000000 0.10701662
12.30000000 0.10303188
12.40000000 0.09908441
12.50000000 0.09513384
12.60000000 0.09131953
12.70000000 0.08754405
12.80000000 0.08392142
12.90000000 0.08030144
13.00000000 0.07679349
13.10000000 0.07344297
13.20000000 0.07003397
13.30000000 0.06678386
13.40000000 0.06364996
13.50000000 0.06060063
13.60000000 0.05759094
13.70000000 0.05467975
13.80000000 0.05187780
13.90000000 0.04911743
14.00000000 0.04652432
14.10000000 0.04391173
14.20000000 0.04147220
14.30000000 0.03904424
14.40000000 0.03672684
14.50000000 0.03445605
14.60000000 0.03237081
14.70000000 0.03029572
14.80000000 0.02832993
14.90000000 0.02650207
15.00000000 0.02466273
15.10000000 0.02290807
15.20000000 0.02129018
15.30000000 0.01974376
15.40000000 0.01828070
15.50000000 0.01688642
15.60000000 0.01555576
15.70000000 0.01428343
15.80000000 0.01313059
15.90000000 0.01204487
16.00000000 0.01098489
16.10000000 0.01003496
16.20000000 0.00914489
16.30000000 0.00829899
16.40000000 0.00751380
16.50000000 0.00679684
16.60000000 0.00613420
16.70000000 0.00552247
16.80000000 0.00495263
16.90000000 0.00443893
17.00000000 0.00397676
17.10000000 0.00353947
17.20000000 0.00315690
17.30000000 0.00279967
17.40000000 0.00248167
17.50000000 0.00218114
17.60000000 0.00193310
17.70000000 0.00169958
17.80000000 0.00149200
17.90000000 0.00129975
18.00000000 0.00113654
18.10000000 0.00099043
18.20000000 0.00086261
18.30000000 0.00074382
18.40000000 0.00064538
18.50000000 0.00055350
18.60000000 0.00047902
18.70000000 0.00041074
18.80000000 0.00035013
18.90000000 0.00029881
19.00000000 0.00025296
19.10000000 0.00021672
19.20000000 0.00018027
19.30000000 0.00015245
19.40000000 0.00013052
19.50000000 0.00010757
19.60000000 0.00009183
19.70000000 0.00007767
19.80000000 0.00006508
19.90000000 0.00005244
20.00000000 0.00004457
