0.10000000 0.00000000
0.20000000 0.00000000
0.30000000 0.00000000
0.40000000 0.00000000
0.50000000 0.00000000
0.60000000 0.00000000
0.70000000 0.02046000
0.80000000 24.47494000
0.90000000 262.80176000
1.00000000 618.79212000
1.10000000 198.60320000
1.20000000 116.22640000
1.30000000 181.88668000
1.40000000 254.86426000
1.50000000 227.56512000
1.60000000 154.58500000
1.70000000 173.10906000
1.80000000 202.28774000
1.90000000 208.16060000
2.00000000 186.54868000
2.10000000 175.15282000
2.20000000 175.01984000
2.30000000 169.40954000
2.40000000 157.02668000
2.50000000 144.56316000
2.60000000 137.34030000
2.70000000 130.77086000
2.80000000 122.73542000
2.90000000 114.09030000
3.00000000 106.75226000
3.10000000 100.95958000
3.20000000 94.53618000
3.30000000 88.11470000
3.40000000 82.28424000
3.50000000 77.18018000
3.60000000 72.09580000
3.70000000 67.27998000
3.80000000 62.74292000
3.90000000 58.32872000
4.00000000 54.09580000
4.10000000 50.29850000
4.20000000 46.38388000
4.30000000 42.92202000
4.40000000 39.52682000
4.50000000 36.42764000
4.60000000 33.46582000
4.70000000 30.64644000
4.80000000 28.09910000
4.90000000 25.62386000
5.00000000 23.31886000
5.10000000 21.30864000
5.20000000 19.35042000
5.30000000 17.49304000
5.40000000 15.84392000
5.50000000 14.34160000
5.60000000 12.91598000
5.70000000 11.65178000
5.80000000 10.44782000
5.90000000 9.36202000
6.00000000 8.41616000
6.10000000 7.55468000
6.20000000 6.67410000
6.30000000 5.97800000
6.40000000 5.31892000
6.50000000 4.72992000
6.60000000 4.18074000
6.70000000 3.70764000
6.80000000 3.28288000
6.90000000 2.91188000
7.00000000 2.55924000
7.10000000 2.28738000
7.20000000 2.03894000
7.30000000 1.79140000
7.40000000 1.58096000
7.50000000 1.43040000
7.60000000 1.27664000
7.70000000 1.13114000
7.80000000 1.02124000
7.90000000 0.92358000
8.00000000 0.84730000
8.10000000 0.76970000
8.20000000 0.70576000
8.30000000 0.65344000
8.40000000 0.61370000
8.50000000 0.57792000
8.60000000 0.54298000
8.70000000 0.52418000
8.80000000 0.49856000
8.90000000 0.48772000
9.00000000 0.47620000
9.10000000 0.46150000
9.20000000 0.45374000
9.30000000 0.45412000
9.40000000 0.44704000
9.50000000 0.44900000
9.60000000 0.44706000
9.70000000 0.45042000
9.80000000 0.45136000
9.90000000 0.45040000
10.00000000 0.45388000
10.10000000 0.46160000
10.20000000 0.46108000
10.30000000 0.46904000
10.40000000 0.47438000
10.50000000 0.48022000
10.60000000 0.48720000
10.70000000 0.48746000
10.80000000 0.49396000
10.90000000 0.49882000
11.00000000 0.50290000
11.10000000 0.50928000
11.20000000 0.51388000
11.30000000 0.52164000
11.40000000 0.53070000
11.50000000 0.52966000
11.60000000 0.54320000
11.70000000 0.54328000
11.80000000 0.55678000
11.90000000 0.56038000
12.00000000 0.56256000
12.10000000 0.56824000
12.20000000 0.57450000
12.30000000 0.58352000
12.40000000 0.58346000
12.50000000 0.59294000
12.60000000 0.59518000
12.70000000 0.60096000
12.80000000 0.60650000
12.90000000 0.61034000
13.00000000 0.62192000
13.10000000 0.62360000
13.20000000 0.62732000
13.30000000 0.63198000
13.40000000 0.63664000
13.50000000 0.64344000
13.60000000 0.64500000
13.70000000 0.64480000
13.80000000 0.65358000
13.90000000 0.65924000
14.00000000 0.66466000
14.10000000 0.66784000
14.20000000 0.67046000
14.30000000 0.67674000
14.40000000 0.68090000
14.50000000 0.67942000
14.60000000 0.68702000
14.70000000 0.68822000
14.80000000 0.69354000
14.90000000 0.69506000
15.00000000 0.70032000
15.10000000 0.70282000
15.20000000 0.70462000
15.30000000 0.71010000
15.40000000 0.71162000
15.50000000 0.71466000
15.60000000 0.71818000
15.70000000 0.72066000
15.80000000 0.72512000
15.90000000 0.72368000
16.00000000 0.73130000
16.10000000 0.73496000
16.20000000 0.73674000
16.30000000 0.73896000
16.40000000 0.74242000
16.50000000 0.74102000
16.60000000 0.74672000
16.70000000 0.74668000
16.80000000 0.74682000
16.90000000 0.74908000
17.00000000 0.75234000
17.10000000 0.75518000
17.20000000 0.75506000
17.30000000 0.75820000
17.40000000 0.75848000
17.50000000 0.76388000
17.60000000 0.76470000
17.70000000 0.76666000
17.80000000 0.76574000
17.90000000 0.77144000
18.00000000 0.77106000
18.10000000 0.77298000
18.20000000 0.77352000
18.30000000 0.77602000
18.40000000 0.78046000
18.50000000 0.78170000
18.60000000 0.78346000
18.70000000 0.78320000
18.80000000 0.78632000
18.90000000 0.78658000
19.00000000 0.78720000
19.10000000 0.78834000
19.20000000 0.78660000
19.30000000 0.78670000
19.40000000 0.79048000
19.50000000 0.79382000
19.60000000 0.79208000
19.70000000 0.79274000
19.80000000 0.79506000
19.90000000 0.79970000
20.00000000 0.80102000
