0.10000000 0.00000000
0.20000000 0.00000000
0.30000000 0.00000000
0.40000000 0.00000000
0.50000000 0.00002528
0.60000000 0.09793914
0.70000000 0.92546904
0.80000000 1.25421256
0.90000000 0.78551462
1.00000000 0.89131378
1.10000000 0.98594707
1.20000000 0.84866890
1.30000000 0.80469285
1.40000000 0.82003671
1.50000000 0.76370511
1.60000000 0.72210351
1.70000000 0.75338779
1.80000000 0.79152916
1.90000000 0.81201079
2.00000000 0.81737107
2.10000000 0.80629912
2.20000000 0.79109531
2.30000000 0.77724243
2.40000000 0.76985387
2.50000000 0.76248014
2.60000000 0.75363085
2.70000000 0.74507210
2.80000000 0.73508749
2.90000000 0.72563699
3.00000000 0.71487466
3.10000000 0.70452134
3.20000000 0.69607397
3.30000000 0.68733611
3.40000000 0.67925506
3.50000000 0.67228156
3.60000000 0.66428260
3.70000000 0.65572948
3.80000000 0.64894061
3.90000000 0.64051532
4.00000000 0.63253433
4.10000000 0.62467877
4.20000000 0.61621724
4.30000000 0.60877487
4.40000000 0.60062107
4.50000000 0.59359198
4.60000000 0.58575313
4.70000000 0.57716072
4.80000000 0.56956681
4.90000000 0.56192275
5.00000000 0.55398694
5.10000000 0.54571186
5.20000000 0.53918631
5.30000000 0.53117516
5.40000000 0.52302314
5.50000000 0.51595882
5.60000000 0.50809682
5.70000000 0.50026767
5.80000000 0.49261874
5.90000000 0.48592820
6.00000000 0.47758865
6.10000000 0.47015572
6.20000000 0.46335406
6.30000000 0.45577605
6.40000000 0.44888758
6.50000000 0.44116899
6.60000000 0.43392933
6.70000000 0.42673378
6.80000000 0.41983724
6.90000000 0.41258102
7.00000000 0.40554726
7.10000000 0.39834816
7.20000000 0.39126744
7.30000000 0.38417545
7.40000000 0.37738887
7.50000000 0.37042420
7.60000000 0.36341928
7.70000000 0.35663244
7.80000000 0.34996988
7.90000000 0.34317188
8.00000000 0.33655236
8.10000000 0.33005443
8.20000000 0.32354863
8.30000000 0.31680078
8.40000000 0.31037291
8.50000000 0.30384909
8.60000000 0.29740487
8.70000000 0.29136819
8.80000000 0.28501987
8.90000000 0.27848006
9.00000000 0.27260639
9.10000000 0.26651936
9.20000000 0.26031825
9.30000000 0.25418695
9.40000000 0.24829892
9.50000000 0.24254673
9.60000000 0.23670870
9.70000000 0.23088296
9.80000000 0.22522311
9.90000000 0.21939656
10.00000000 0.21381312
10.10000000 0.20821790
10.20000000 0.20288544
10.30000000 0.19738642
10.40000000 0.19213783
10.50000000 0.18691818
10.60000000 0.18156785
10.70000000 0.17632525
10.80000000 0.17126586
10.90000000 0.16629744
11.00000000 0.16127593
11.10000000 0.15634594
11.20000000 0.15140092
11.30000000 0.14672451
11.40000000 0.14209769
11.50000000 0.13738082
11.60000000 0.13280650
11.70000000 0.12834589
11.80000000 0.12389340
11.90000000 0.11964357
12.00000000 0.11545790
12.10000000 0.11116700
12.20000000 0.10702916
12.30000000 0.10315220
12.40000000 0.09912741
12.50000000 0.09520156
12.60000000 0.09128287
12.70000000 0.08767289
12.80000000 0.08397544
12.90000000 0.08045308
13.00000000 0.07693219
13.10000000 0.07353054
13.20000000 0.07020210
13.30000000 0.06692265
13.40000000 0.06380454
13.50000000 0.06076419
13.60000000 0.05773705
13.70000000 0.05482291
13.80000000 0.05203654
13.90000000 0.04927896
14.00000000 0.04669926
14.10000000 0.04411860
14.20000000 0.04162221
14.30000000 0.03926273
14.40000000 0.03689112
14.50000000 0.03464932
14.60000000 0.03252239
14.70000000 0.03046573
14.80000000 0.02845364
14.90000000 0.02662091
15.00000000 0.02484731
15.10000000 0.02309733
15.20000000 0.02145227
15.30000000 0.01990936
15.40000000 0.01841543
15.50000000 0.01701075
15.60000000 0.01570130
15.70000000 0.01442917
15.80000000 0.01324984
15.90000000 0.01212731
16.00000000 0.01112404
16.10000000 0.01013573
16.20000000 0.00922739
16.30000000 0.00838910
16.40000000 0.00761223
16.50000000 0.00686207
16.60000000 0.00621842
16.70000000 0.00558410
16.80000000 0.00502390
16.90000000 0.00449122
17.00000000 0.00403382
17.10000000 0.00358907
17.20000000 0.00318858
17.30000000 0.00283256
17.40000000 0.00251832
17.50000000 0.00221891
17.60000000 0.00195686
17.70000000 0.00172664
17.80000000 0.00151154
17.90000000 0.00132305
18.00000000 0.00115349
18.10000000 0.00100445
18.20000000 0.00086743
18.30000000 0.00076158
18.40000000 0.00065183
18.50000000 0.00056238
18.60000000 0.00048643
18.70000000 0.00041562
18.80000000 0.00035196
18.90000000 0.00030231
19.00000000 0.00025596
19.10000000 0.00021951
19.20000000 0.00018636
19.30000000 0.00015707
19.40000000 0.00013062
19.50000000 0.00010869
19.60000000 0.00009239
19.70000000 0.00007793
19.80000000 0.00006493
19.90000000 0.00005371
20.00000000 0.00004620
