0.100000 0.000000
0.200000 0.000000
0.300000 0.000000
0.400000 0.000000
0.500000 0.000000
0.600000 0.000000
0.700000 0.000065
0.800000 0.062410
0.900000 0.671332
1.000000 1.590760
1.100000 0.638882
1.200000 0.473044
1.300000 0.644249
1.400000 0.843613
1.500000 0.802932
1.600000 0.654186
1.700000 0.743092
1.800000 0.859324
1.900000 0.909098
2.000000 0.871590
2.100000 0.850887
2.200000 0.860140
2.300000 0.858533
2.400000 0.831492
2.500000 0.806976
2.600000 0.796718
2.700000 0.791064
2.800000 0.777646
2.900000 0.763197
3.000000 0.751361
3.100000 0.742892
3.200000 0.733435
3.300000 0.723009
3.400000 0.713794
3.500000 0.706820
3.600000 0.698138
3.700000 0.690219
3.800000 0.680861
3.900000 0.673498
4.000000 0.665251
4.100000 0.656730
4.200000 0.648766
4.300000 0.641223
4.400000 0.631865
4.500000 0.623879
4.600000 0.615055
4.700000 0.607041
4.800000 0.598110
4.900000 0.589282
5.000000 0.581307
5.100000 0.572940
5.200000 0.564147
5.300000 0.555733
5.400000 0.547198
5.500000 0.538769
5.600000 0.531202
5.700000 0.523055
5.800000 0.514947
5.900000 0.506817
6.000000 0.498644
6.100000 0.491019
6.200000 0.482548
6.300000 0.475022
6.400000 0.467153
6.500000 0.459025
6.600000 0.451494
6.700000 0.443626
6.800000 0.436002
6.900000 0.428077
7.000000 0.420822
7.100000 0.413134
7.200000 0.405541
7.300000 0.397894
7.400000 0.390483
7.500000 0.383189
7.600000 0.375871
7.700000 0.368101
7.800000 0.361152
7.900000 0.353900
8.000000 0.347035
8.100000 0.339618
8.200000 0.332681
8.300000 0.326325
8.400000 0.319131
8.500000 0.312333
8.600000 0.305190
8.700000 0.298901
8.800000 0.292039
8.900000 0.285340
9.000000 0.278602
9.100000 0.272116
9.200000 0.265583
9.300000 0.259358
9.400000 0.253003
9.500000 0.246847
9.600000 0.240443
9.700000 0.234295
9.800000 0.228278
9.900000 0.222295
10.000000 0.216260
10.100000 0.210598
10.200000 0.204616
10.300000 0.198991
10.400000 0.193231
10.500000 0.187678
10.600000 0.182242
10.700000 0.176850
10.800000 0.171475
10.900000 0.165934
11.000000 0.160961
11.100000 0.155732
11.200000 0.150644
11.300000 0.145582
11.400000 0.140613
11.500000 0.136007
11.600000 0.130992
11.700000 0.126272
11.800000 0.121718
11.900000 0.117455
12.000000 0.112713
12.100000 0.108448
12.200000 0.104135
12.300000 0.099945
12.400000 0.095902
12.500000 0.091783
12.600000 0.087833
12.700000 0.083924
12.800000 0.080326
12.900000 0.076460
13.000000 0.072951
13.100000 0.069488
13.200000 0.066086
13.300000 0.062762
13.400000 0.059451
13.500000 0.056312
13.600000 0.053305
13.700000 0.050390
13.800000 0.047612
13.900000 0.044767
14.000000 0.042217
14.100000 0.039655
14.200000 0.037091
14.300000 0.034711
14.400000 0.032438
14.500000 0.030243
14.600000 0.028117
14.700000 0.026117
14.800000 0.024220
14.900000 0.022403
15.000000 0.020675
15.100000 0.019039
15.200000 0.017482
15.300000 0.016003
15.400000 0.014685
15.500000 0.013397
15.600000 0.012187
15.700000 0.011019
15.800000 0.009995
15.900000 0.009013
16.000000 0.008115
16.100000 0.007266
16.200000 0.006499
16.300000 0.005819
16.400000 0.005159
16.500000 0.004562
16.600000 0.004052
16.700000 0.003563
16.800000 0.003137
16.900000 0.002751
17.000000 0.002391
17.100000 0.002084
17.200000 0.001798
17.300000 0.001561
17.400000 0.001332
17.500000 0.001152
17.600000 0.000977
17.700000 0.000840
17.800000 0.000703
17.900000 0.000599
18.000000 0.000506
18.100000 0.000423
18.200000 0.000354
18.300000 0.000294
18.400000 0.000245
18.500000 0.000202
18.600000 0.000166
18.700000 0.000138
18.800000 0.000113
18.900000 0.000095
19.000000 0.000075
19.100000 0.000061
19.200000 0.000049
19.300000 0.000041
19.400000 0.000032
19.500000 0.000027
19.600000 0.000021
19.700000 0.000016
19.800000 0.000012
19.900000 0.000009
20.000000 0.000008
