0.100000 0.000000
0.200000 0.000000
0.300000 0.000000
0.400000 0.000000
0.500000 0.000000
0.600000 0.000000
0.700000 0.003538
0.800000 0.284929
0.900000 0.976960
1.000000 1.243858
1.100000 1.208966
1.200000 1.106180
1.300000 1.015721
1.400000 0.943361
1.500000 0.899944
1.600000 0.880299
1.700000 0.869497
1.800000 0.851664
1.900000 0.831944
2.000000 0.811510
2.100000 0.791485
2.200000 0.777013
2.300000 0.765186
2.400000 0.758770
2.500000 0.755011
2.600000 0.753215
2.700000 0.749111
2.800000 0.743107
2.900000 0.736358
3.000000 0.729041
3.100000 0.722350
3.200000 0.714461
3.300000 0.706959
3.400000 0.697785
3.500000 0.690187
3.600000 0.681831
3.700000 0.673524
3.800000 0.665267
3.900000 0.656089
4.000000 0.648306
4.100000 0.639774
4.200000 0.630946
4.300000 0.622888
4.400000 0.614857
4.500000 0.606491
4.600000 0.597868
4.700000 0.589897
4.800000 0.582443
4.900000 0.574177
5.000000 0.566483
5.100000 0.557618
5.200000 0.550237
5.300000 0.542291
5.400000 0.534629
5.500000 0.526914
5.600000 0.518627
5.700000 0.510693
5.800000 0.503268
5.900000 0.495345
6.000000 0.487578
6.100000 0.479982
6.200000 0.472200
6.300000 0.464491
6.400000 0.456993
6.500000 0.449740
6.600000 0.442010
6.700000 0.434709
6.800000 0.426898
6.900000 0.419438
7.000000 0.412382
7.100000 0.405254
7.200000 0.397886
7.300000 0.390435
7.400000 0.383365
7.500000 0.376440
7.600000 0.369296
7.700000 0.362480
7.800000 0.355159
7.900000 0.348349
8.000000 0.341488
8.100000 0.334453
8.200000 0.327786
8.300000 0.321218
8.400000 0.314182
8.500000 0.307637
8.600000 0.301162
8.700000 0.294468
8.800000 0.288157
8.900000 0.281791
9.000000 0.275367
9.100000 0.268963
9.200000 0.262790
9.300000 0.256690
9.400000 0.250563
9.500000 0.244381
9.600000 0.238593
9.700000 0.232605
9.800000 0.226624
9.900000 0.220718
10.000000 0.215039
10.100000 0.209269
10.200000 0.203563
10.300000 0.198127
10.400000 0.192537
10.500000 0.187132
10.600000 0.181728
10.700000 0.176495
10.800000 0.171250
10.900000 0.166092
11.000000 0.161067
11.100000 0.155964
11.200000 0.151067
11.300000 0.146147
11.400000 0.141481
11.500000 0.136599
11.600000 0.132055
11.700000 0.127441
11.800000 0.122879
11.900000 0.118504
12.000000 0.114123
12.100000 0.109958
12.200000 0.105654
12.300000 0.101597
12.400000 0.097600
12.500000 0.093490
12.600000 0.089674
12.700000 0.085917
12.800000 0.082192
12.900000 0.078644
13.000000 0.075067
13.100000 0.071691
13.200000 0.068397
13.300000 0.065066
13.400000 0.061836
13.500000 0.058677
13.600000 0.055687
13.700000 0.052740
13.800000 0.049930
13.900000 0.047161
14.000000 0.044523
14.100000 0.041967
14.200000 0.039443
14.300000 0.037072
14.400000 0.034771
14.500000 0.032579
14.600000 0.030466
14.700000 0.028457
14.800000 0.026507
14.900000 0.024631
15.000000 0.022860
15.100000 0.021188
15.200000 0.019573
15.300000 0.018080
15.400000 0.016615
15.500000 0.015278
15.600000 0.013991
15.700000 0.012810
15.800000 0.011675
15.900000 0.010617
16.000000 0.009668
16.100000 0.008757
16.200000 0.007905
16.300000 0.007131
16.400000 0.006405
16.500000 0.005752
16.600000 0.005132
16.700000 0.004580
16.800000 0.004086
16.900000 0.003626
17.000000 0.003194
17.100000 0.002829
17.200000 0.002485
17.300000 0.002177
17.400000 0.001908
17.500000 0.001666
17.600000 0.001454
17.700000 0.001258
17.800000 0.001090
17.900000 0.000936
18.000000 0.000810
18.100000 0.000692
18.200000 0.000588
18.300000 0.000506
18.400000 0.000427
18.500000 0.000361
18.600000 0.000308
18.700000 0.000260
18.800000 0.000218
18.900000 0.000182
19.000000 0.000153
19.100000 0.000125
19.200000 0.000106
19.300000 0.000085
19.400000 0.000072
19.500000 0.000058
19.600000 0.000049
19.700000 0.000039
19.800000 0.000032
19.900000 0.000027
20.000000 0.000022
