0.10000000 0.00000000
0.20000000 0.00000000
0.30000000 0.00000000
0.40000000 0.00000000
0.50000000 0.00000000
0.60000000 0.29422000
0.70000000 174.17760000
0.80000000 537.92386000
0.90000000 154.06858000
1.00000000 180.23658000
1.10000000 192.34360000
1.20000000 119.18834000
1.30000000 95.99582000
1.40000000 101.54970000
1.50000000 110.34412000
1.60000000 118.41194000
1.70000000 121.07982000
1.80000000 110.61158000
1.90000000 94.68884000
2.00000000 87.70276000
2.10000000 85.60536000
2.20000000 83.48138000
2.30000000 80.40922000
2.40000000 76.61268000
2.50000000 72.33740000
2.60000000 67.56430000
2.70000000 63.81156000
2.80000000 60.23408000
2.90000000 56.99490000
3.00000000 53.98210000
3.10000000 50.83240000
3.20000000 47.90650000
3.30000000 44.97734000
3.40000000 42.30308000
3.50000000 39.56834000
3.60000000 37.21070000
3.70000000 34.90152000
3.80000000 32.78798000
3.90000000 30.67916000
4.00000000 28.64898000
4.10000000 26.77768000
4.20000000 24.96618000
4.30000000 23.27884000
4.40000000 21.67984000
4.50000000 20.17158000
4.60000000 18.77056000
4.70000000 17.41816000
4.80000000 16.08896000
4.90000000 14.85602000
5.00000000 13.73902000
5.10000000 12.69282000
5.20000000 11.70338000
5.30000000 10.77858000
5.40000000 9.91346000
5.50000000 9.11698000
5.60000000 8.33192000
5.70000000 7.66546000
5.80000000 7.03902000
5.90000000 6.44116000
6.00000000 5.90308000
6.10000000 5.41032000
6.20000000 4.94276000
6.30000000 4.51498000
6.40000000 4.14762000
6.50000000 3.78202000
6.60000000 3.44382000
6.70000000 3.15522000
6.80000000 2.88676000
6.90000000 2.64756000
7.00000000 2.42952000
7.10000000 2.24714000
7.20000000 2.06394000
7.30000000 1.90694000
7.40000000 1.75910000
7.50000000 1.63320000
7.60000000 1.52074000
7.70000000 1.42196000
7.80000000 1.32650000
7.90000000 1.24982000
8.00000000 1.17044000
8.10000000 1.11698000
8.20000000 1.06472000
8.30000000 1.01918000
8.40000000 0.97014000
8.50000000 0.93164000
8.60000000 0.90560000
8.70000000 0.87436000
8.80000000 0.85424000
8.90000000 0.83272000
9.00000000 0.81622000
9.10000000 0.79826000
9.20000000 0.78924000
9.30000000 0.78230000
9.40000000 0.76986000
9.50000000 0.76246000
9.60000000 0.76032000
9.70000000 0.75100000
9.80000000 0.75438000
9.90000000 0.74652000
10.00000000 0.74630000
10.10000000 0.74730000
10.20000000 0.74772000
10.30000000 0.74666000
10.40000000 0.74692000
10.50000000 0.74526000
10.60000000 0.74956000
10.70000000 0.75454000
10.80000000 0.74968000
10.90000000 0.75194000
11.00000000 0.75498000
11.10000000 0.75534000
11.20000000 0.75936000
11.30000000 0.75884000
11.40000000 0.76084000
11.50000000 0.76120000
11.60000000 0.76576000
11.70000000 0.76644000
11.80000000 0.77284000
11.90000000 0.77530000
12.00000000 0.78176000
12.10000000 0.77974000
12.20000000 0.77876000
12.30000000 0.78194000
12.40000000 0.78808000
12.50000000 0.78756000
12.60000000 0.78784000
12.70000000 0.78978000
12.80000000 0.79750000
12.90000000 0.79636000
13.00000000 0.80032000
13.10000000 0.80118000
13.20000000 0.80052000
13.30000000 0.80810000
13.40000000 0.80904000
13.50000000 0.80946000
13.60000000 0.81782000
13.70000000 0.81532000
13.80000000 0.81898000
13.90000000 0.82266000
14.00000000 0.82462000
14.10000000 0.82200000
14.20000000 0.82292000
14.30000000 0.83036000
14.40000000 0.83192000
14.50000000 0.83214000
14.60000000 0.83862000
14.70000000 0.83550000
14.80000000 0.83818000
14.90000000 0.84040000
15.00000000 0.83956000
15.10000000 0.84262000
15.20000000 0.84404000
15.30000000 0.84452000
15.40000000 0.84936000
15.50000000 0.84748000
15.60000000 0.85008000
15.70000000 0.84938000
15.80000000 0.85476000
15.90000000 0.85366000
16.00000000 0.85632000
16.10000000 0.85574000
16.20000000 0.85912000
16.30000000 0.85948000
16.40000000 0.86298000
16.50000000 0.86752000
16.60000000 0.86490000
16.70000000 0.86718000
16.80000000 0.86828000
16.90000000 0.86932000
17.00000000 0.87216000
17.10000000 0.87404000
17.20000000 0.87354000
17.30000000 0.87608000
17.40000000 0.87744000
17.50000000 0.87804000
17.60000000 0.87672000
17.70000000 0.88274000
17.80000000 0.88216000
17.90000000 0.88438000
18.00000000 0.88200000
18.10000000 0.88334000
18.20000000 0.88426000
18.30000000 0.88814000
18.40000000 0.88658000
18.50000000 0.89174000
18.60000000 0.88808000
18.70000000 0.89316000
18.80000000 0.88886000
18.90000000 0.89134000
19.00000000 0.89186000
19.10000000 0.89332000
19.20000000 0.89312000
19.30000000 0.89226000
19.40000000 0.89670000
19.50000000 0.89488000
19.60000000 0.89610000
19.70000000 0.89582000
19.80000000 0.89606000
19.90000000 0.89682000
20.00000000 0.89788000
