0.10000000 0.00000000
0.20000000 0.00000000
0.30000000 0.00000000
0.40000000 0.00000000
0.50000000 0.00000000
0.60000000 0.24812000
0.70000000 156.48326000
0.80000000 492.36568000
0.90000000 102.14530000
1.00000000 127.14036000
1.10000000 144.16800000
1.20000000 75.93284000
1.30000000 53.39188000
1.40000000 58.32964000
1.50000000 64.80746000
1.60000000 70.09296000
1.70000000 70.04084000
1.80000000 58.33434000
1.90000000 42.13808000
2.00000000 35.65670000
2.10000000 34.75102000
2.20000000 33.52634000
2.30000000 31.95588000
2.40000000 29.38570000
2.50000000 26.49456000
2.60000000 23.92962000
2.70000000 21.92406000
2.80000000 20.21030000
2.90000000 18.68596000
3.00000000 17.43054000
3.10000000 16.16276000
3.20000000 15.05696000
3.30000000 13.82500000
3.40000000 12.78020000
3.50000000 11.73090000
3.60000000 10.87426000
3.70000000 10.16052000
3.80000000 9.39022000
3.90000000 8.85940000
4.00000000 8.22982000
4.10000000 7.68058000
4.20000000 7.18694000
4.30000000 6.72982000
4.40000000 6.29894000
4.50000000 5.87828000
4.60000000 5.51922000
4.70000000 5.16882000
4.80000000 4.84082000
4.90000000 4.54370000
5.00000000 4.26446000
5.10000000 3.99796000
5.20000000 3.77256000
5.30000000 3.55306000
5.40000000 3.34954000
5.50000000 3.13588000
5.60000000 2.95184000
5.70000000 2.79590000
5.80000000 2.63728000
5.90000000 2.49892000
6.00000000 2.34538000
6.10000000 2.22996000
6.20000000 2.12490000
6.30000000 1.99942000
6.40000000 1.91120000
6.50000000 1.82290000
6.60000000 1.72964000
6.70000000 1.65048000
6.80000000 1.58452000
6.90000000 1.52310000
7.00000000 1.47428000
7.10000000 1.41466000
7.20000000 1.36084000
7.30000000 1.31124000
7.40000000 1.27588000
7.50000000 1.23868000
7.60000000 1.20454000
7.70000000 1.17962000
7.80000000 1.15022000
7.90000000 1.12130000
8.00000000 1.10028000
8.10000000 1.07948000
8.20000000 1.06848000
8.30000000 1.05374000
8.40000000 1.03826000
8.50000000 1.02980000
8.60000000 1.02190000
8.70000000 1.01314000
8.80000000 0.99598000
8.90000000 1.00068000
9.00000000 0.99408000
9.10000000 0.99030000
9.20000000 0.98410000
9.30000000 0.97636000
9.40000000 0.98148000
9.50000000 0.98000000
9.60000000 0.97860000
9.70000000 0.96944000
9.80000000 0.96978000
9.90000000 0.96934000
10.00000000 0.96874000
10.10000000 0.96752000
10.20000000 0.97028000
10.30000000 0.96590000
10.40000000 0.96356000
10.50000000 0.96636000
10.60000000 0.96672000
10.70000000 0.96042000
10.80000000 0.96372000
10.90000000 0.96454000
11.00000000 0.96416000
11.10000000 0.96682000
11.20000000 0.96538000
11.30000000 0.95618000
11.40000000 0.96436000
11.50000000 0.96622000
11.60000000 0.96488000
11.70000000 0.96856000
11.80000000 0.96008000
11.90000000 0.96162000
12.00000000 0.96716000
12.10000000 0.96562000
12.20000000 0.96512000
12.30000000 0.96454000
12.40000000 0.96488000
12.50000000 0.96648000
12.60000000 0.97196000
12.70000000 0.96388000
12.80000000 0.96618000
12.90000000 0.96854000
13.00000000 0.96518000
13.10000000 0.97298000
13.20000000 0.96722000
13.30000000 0.96846000
13.40000000 0.96838000
13.50000000 0.96918000
13.60000000 0.96682000
13.70000000 0.96466000
13.80000000 0.96706000
13.90000000 0.96764000
14.00000000 0.96522000
14.10000000 0.96500000
14.20000000 0.96624000
14.30000000 0.96678000
14.40000000 0.97022000
14.50000000 0.97054000
14.60000000 0.97140000
14.70000000 0.96994000
14.80000000 0.97012000
14.90000000 0.97178000
15.00000000 0.96962000
15.10000000 0.96890000
15.20000000 0.96970000
15.30000000 0.97346000
15.40000000 0.96934000
15.50000000 0.96868000
15.60000000 0.97300000
15.70000000 0.96810000
15.80000000 0.97220000
15.90000000 0.97460000
16.00000000 0.96952000
16.10000000 0.97224000
16.20000000 0.96886000
16.30000000 0.97144000
16.40000000 0.97244000
16.50000000 0.97222000
16.60000000 0.97410000
16.70000000 0.97064000
16.80000000 0.97474000
16.90000000 0.97272000
17.00000000 0.97212000
17.10000000 0.97328000
17.20000000 0.97592000
17.30000000 0.97580000
17.40000000 0.97528000
17.50000000 0.97360000
17.60000000 0.97512000
17.70000000 0.97648000
17.80000000 0.97926000
17.90000000 0.97860000
18.00000000 0.97582000
18.10000000 0.97520000
18.20000000 0.97742000
18.30000000 0.97498000
18.40000000 0.97588000
18.50000000 0.97560000
18.60000000 0.97832000
18.70000000 0.97550000
18.80000000 0.97654000
18.90000000 0.97330000
19.00000000 0.97952000
19.10000000 0.97856000
19.20000000 0.97768000
19.30000000 0.97848000
19.40000000 0.97782000
19.50000000 0.97720000
19.60000000 0.97702000
19.70000000 0.97762000
19.80000000 0.97938000
19.90000000 0.97510000
20.00000000 0.97868000
