0.10000000 0.00000000
0.20000000 0.00000000
0.30000000 0.00000000
0.40000000 0.00000000
0.50000000 0.00000000
0.60000000 0.00000000
0.70000000 0.01916000
0.80000000 18.53120000
0.90000000 209.91670000
1.00000000 510.77924000
1.10000000 143.92910000
1.20000000 55.82352000
1.30000000 102.01810000
1.40000000 158.82302000
1.50000000 136.74582000
1.60000000 65.76638000
1.70000000 69.34434000
1.80000000 84.54842000
1.90000000 85.06550000
2.00000000 65.85300000
2.10000000 55.17426000
2.20000000 56.11738000
2.30000000 54.85802000
2.40000000 48.28638000
2.50000000 41.39190000
2.60000000 38.30554000
2.70000000 36.63266000
2.80000000 33.41278000
2.90000000 29.65536000
3.00000000 26.84354000
3.10000000 24.87658000
3.20000000 23.02326000
3.30000000 20.90544000
3.40000000 19.17324000
3.50000000 17.58308000
3.60000000 16.35596000
3.70000000 15.13980000
3.80000000 13.98048000
3.90000000 12.94908000
4.00000000 12.02046000
4.10000000 11.19582000
4.20000000 10.44622000
4.30000000 9.71498000
4.40000000 9.05958000
4.50000000 8.48022000
4.60000000 7.88722000
4.70000000 7.34668000
4.80000000 6.82358000
4.90000000 6.40844000
5.00000000 5.97656000
5.10000000 5.52006000
5.20000000 5.15744000
5.30000000 4.79012000
5.40000000 4.48050000
5.50000000 4.14166000
5.60000000 3.84732000
5.70000000 3.57642000
5.80000000 3.34310000
5.90000000 3.11614000
6.00000000 2.90228000
6.10000000 2.69002000
6.20000000 2.53342000
6.30000000 2.37858000
6.40000000 2.21394000
6.50000000 2.07632000
6.60000000 1.96720000
6.70000000 1.85714000
6.80000000 1.74948000
6.90000000 1.64918000
7.00000000 1.57362000
7.10000000 1.50002000
7.20000000 1.43214000
7.30000000 1.36302000
7.40000000 1.31134000
7.50000000 1.26080000
7.60000000 1.21552000
7.70000000 1.18178000
7.80000000 1.14148000
7.90000000 1.11996000
8.00000000 1.09398000
8.10000000 1.06626000
8.20000000 1.04322000
8.30000000 1.03660000
8.40000000 1.01564000
8.50000000 0.99448000
8.60000000 0.98596000
8.70000000 0.97574000
8.80000000 0.96518000
8.90000000 0.96380000
9.00000000 0.95800000
9.10000000 0.94290000
9.20000000 0.94136000
9.30000000 0.93798000
9.40000000 0.92514000
9.50000000 0.93216000
9.60000000 0.93556000
9.70000000 0.92946000
9.80000000 0.93102000
9.90000000 0.92678000
10.00000000 0.93394000
10.10000000 0.92388000
10.20000000 0.92684000
10.30000000 0.92876000
10.40000000 0.92466000
10.50000000 0.92414000
10.60000000 0.92908000
10.70000000 0.92542000
10.80000000 0.92382000
10.90000000 0.92218000
11.00000000 0.92504000
11.10000000 0.92296000
11.20000000 0.93286000
11.30000000 0.93200000
11.40000000 0.93256000
11.50000000 0.93566000
11.60000000 0.94290000
11.70000000 0.94392000
11.80000000 0.93404000
11.90000000 0.93502000
12.00000000 0.94434000
12.10000000 0.94280000
12.20000000 0.93604000
12.30000000 0.93838000
12.40000000 0.93868000
12.50000000 0.94322000
12.60000000 0.94272000
12.70000000 0.93824000
12.80000000 0.93468000
12.90000000 0.93992000
13.00000000 0.94050000
13.10000000 0.93816000
13.20000000 0.94010000
13.30000000 0.93666000
13.40000000 0.94310000
13.50000000 0.94102000
13.60000000 0.94202000
13.70000000 0.94188000
13.80000000 0.94494000
13.90000000 0.94828000
14.00000000 0.94460000
14.10000000 0.94718000
14.20000000 0.94848000
14.30000000 0.94382000
14.40000000 0.95320000
14.50000000 0.94858000
14.60000000 0.94752000
14.70000000 0.94926000
14.80000000 0.94590000
14.90000000 0.95416000
15.00000000 0.95550000
15.10000000 0.95130000
15.20000000 0.95478000
15.30000000 0.95326000
15.40000000 0.95226000
15.50000000 0.95418000
15.60000000 0.95176000
15.70000000 0.95706000
15.80000000 0.95250000
15.90000000 0.95452000
16.00000000 0.95356000
16.10000000 0.95700000
16.20000000 0.95488000
16.30000000 0.95356000
16.40000000 0.95442000
16.50000000 0.96404000
16.60000000 0.95408000
16.70000000 0.95870000
16.80000000 0.95702000
16.90000000 0.96040000
17.00000000 0.96072000
17.10000000 0.95844000
17.20000000 0.95728000
17.30000000 0.95780000
17.40000000 0.95684000
17.50000000 0.95248000
17.60000000 0.95772000
17.70000000 0.95514000
17.80000000 0.95738000
17.90000000 0.95386000
18.00000000 0.95488000
18.10000000 0.95400000
18.20000000 0.95290000
18.30000000 0.95658000
18.40000000 0.95704000
18.50000000 0.95322000
18.60000000 0.95746000
18.70000000 0.95246000
18.80000000 0.95226000
18.90000000 0.95612000
19.00000000 0.95826000
19.10000000 0.95514000
19.20000000 0.95838000
19.30000000 0.95968000
19.40000000 0.95940000
19.50000000 0.95770000
19.60000000 0.96038000
19.70000000 0.96096000
19.80000000 0.95844000
19.90000000 0.96008000
20.00000000 0.95980000
