0.100000 0.000000
0.200000 0.000000
0.300000 0.000000
0.400000 0.000000
0.500000 0.000000
0.600000 0.095523
0.700000 0.922270
0.800000 1.249257
0.900000 0.763053
1.000000 0.880300
1.100000 0.981089
1.200000 0.845018
1.300000 0.796316
1.400000 0.813970
1.500000 0.758990
1.600000 0.713381
1.700000 0.741472
1.800000 0.775985
1.900000 0.798483
2.000000 0.802698
2.100000 0.793316
2.200000 0.777278
2.300000 0.766431
2.400000 0.756257
2.500000 0.750093
2.600000 0.743320
2.700000 0.733627
2.800000 0.725028
2.900000 0.714040
3.000000 0.703532
3.100000 0.696422
3.200000 0.685669
3.300000 0.677760
3.400000 0.669574
3.500000 0.662131
3.600000 0.655016
3.700000 0.647035
3.800000 0.638399
3.900000 0.630083
4.000000 0.623162
4.100000 0.615896
4.200000 0.608426
4.300000 0.600213
4.400000 0.592389
4.500000 0.585007
4.600000 0.577058
4.700000 0.570130
4.800000 0.562275
4.900000 0.554637
5.000000 0.547121
5.100000 0.539670
5.200000 0.531992
5.300000 0.524432
5.400000 0.516857
5.500000 0.509622
5.600000 0.502245
5.700000 0.494991
5.800000 0.487329
5.900000 0.480097
6.000000 0.472352
6.100000 0.465869
6.200000 0.458218
6.300000 0.451132
6.400000 0.443873
6.500000 0.437028
6.600000 0.429520
6.700000 0.422800
6.800000 0.415725
6.900000 0.408376
7.000000 0.401708
7.100000 0.394614
7.200000 0.387773
7.300000 0.381097
7.400000 0.374129
7.500000 0.367327
7.600000 0.360528
7.700000 0.353915
7.800000 0.347536
7.900000 0.340717
8.000000 0.334206
8.100000 0.327712
8.200000 0.321203
8.300000 0.314504
8.400000 0.308748
8.500000 0.302195
8.600000 0.295734
8.700000 0.289643
8.800000 0.283434
8.900000 0.277471
9.000000 0.271206
9.100000 0.265296
9.200000 0.259201
9.300000 0.253259
9.400000 0.247626
9.500000 0.241885
9.600000 0.236205
9.700000 0.230409
9.800000 0.224871
9.900000 0.219244
10.000000 0.213647
10.100000 0.208232
10.200000 0.202843
10.300000 0.197588
10.400000 0.192266
10.500000 0.187240
10.600000 0.181883
10.700000 0.176874
10.800000 0.171947
10.900000 0.166923
11.000000 0.161866
11.100000 0.157270
11.200000 0.152372
11.300000 0.147802
11.400000 0.143040
11.500000 0.138639
11.600000 0.134128
11.700000 0.129685
11.800000 0.125425
11.900000 0.121082
12.000000 0.116920
12.100000 0.112859
12.200000 0.108770
12.300000 0.104791
12.400000 0.100861
12.500000 0.097015
12.600000 0.093176
12.700000 0.089654
12.800000 0.086081
12.900000 0.082419
13.000000 0.078974
13.100000 0.075625
13.200000 0.072357
13.300000 0.069185
13.400000 0.066000
13.500000 0.062931
13.600000 0.059926
13.700000 0.057112
13.800000 0.054307
13.900000 0.051564
14.000000 0.048923
14.100000 0.046372
14.200000 0.043866
14.300000 0.041474
14.400000 0.039164
14.500000 0.036908
14.600000 0.034784
14.700000 0.032719
14.800000 0.030744
14.900000 0.028793
15.000000 0.026995
15.100000 0.025210
15.200000 0.023518
15.300000 0.021970
15.400000 0.020443
15.500000 0.018962
15.600000 0.017599
15.700000 0.016279
15.800000 0.015032
15.900000 0.013923
16.000000 0.012806
16.100000 0.011759
16.200000 0.010804
16.300000 0.009915
16.400000 0.009049
16.500000 0.008246
16.600000 0.007522
16.700000 0.006818
16.800000 0.006193
16.900000 0.005598
17.000000 0.005054
17.100000 0.004552
17.200000 0.004105
17.300000 0.003689
17.400000 0.003295
17.500000 0.002950
17.600000 0.002641
17.700000 0.002336
17.800000 0.002079
17.900000 0.001835
18.000000 0.001627
18.100000 0.001432
18.200000 0.001264
18.300000 0.001106
18.400000 0.000967
18.500000 0.000848
18.600000 0.000738
18.700000 0.000648
18.800000 0.000564
18.900000 0.000484
19.000000 0.000420
19.100000 0.000366
19.200000 0.000310
19.300000 0.000265
19.400000 0.000231
19.500000 0.000196
19.600000 0.000169
19.700000 0.000145
19.800000 0.000125
19.900000 0.000104
20.000000 0.000089
