0.10000000 0.00000000
0.20000000 0.00000000
0.30000000 0.00000000
0.40000000 0.00000000
0.50000000 0.00000000
0.60000000 20.57556000
0.70000000 217.68888000
0.80000000 278.25208000
0.90000000 92.74892000
1.00000000 123.51242000
1.10000000 153.68078000
1.20000000 113.55428000
1.30000000 97.32496000
1.40000000 99.71762000
1.50000000 75.39812000
1.60000000 50.72094000
1.70000000 48.92650000
1.80000000 50.56728000
1.90000000 50.50058000
2.00000000 48.28780000
2.10000000 43.49450000
2.20000000 37.87928000
2.30000000 33.80774000
2.40000000 31.00102000
2.50000000 28.58260000
2.60000000 26.19844000
2.70000000 24.13964000
2.80000000 22.14954000
2.90000000 20.26402000
3.00000000 18.53144000
3.10000000 16.96038000
3.20000000 15.62260000
3.30000000 14.47188000
3.40000000 13.48620000
3.50000000 12.51808000
3.60000000 11.63208000
3.70000000 10.74944000
3.80000000 9.94808000
3.90000000 9.22220000
4.00000000 8.57876000
4.10000000 8.02560000
4.20000000 7.42816000
4.30000000 6.95032000
4.40000000 6.49598000
4.50000000 6.02762000
4.60000000 5.63156000
4.70000000 5.27964000
4.80000000 4.91134000
4.90000000 4.62054000
5.00000000 4.33230000
5.10000000 4.06276000
5.20000000 3.80226000
5.30000000 3.56462000
5.40000000 3.35400000
5.50000000 3.14762000
5.60000000 2.97572000
5.70000000 2.79904000
5.80000000 2.64274000
5.90000000 2.47388000
6.00000000 2.35778000
6.10000000 2.23470000
6.20000000 2.11060000
6.30000000 2.00292000
6.40000000 1.89424000
6.50000000 1.81208000
6.60000000 1.72966000
6.70000000 1.65360000
6.80000000 1.58578000
6.90000000 1.51930000
7.00000000 1.46274000
7.10000000 1.40848000
7.20000000 1.35932000
7.30000000 1.30988000
7.40000000 1.26834000
7.50000000 1.23098000
7.60000000 1.19826000
7.70000000 1.17312000
7.80000000 1.14488000
7.90000000 1.12154000
8.00000000 1.09994000
8.10000000 1.07974000
8.20000000 1.06764000
8.30000000 1.05112000
8.40000000 1.03836000
8.50000000 1.02842000
8.60000000 1.02142000
8.70000000 1.00544000
8.80000000 1.00466000
8.90000000 0.99758000
9.00000000 0.99242000
9.10000000 0.98860000
9.20000000 0.98226000
9.30000000 0.98230000
9.40000000 0.98056000
9.50000000 0.97794000
9.60000000 0.97624000
9.70000000 0.97332000
9.80000000 0.97166000
9.90000000 0.97160000
10.00000000 0.96738000
10.10000000 0.97082000
10.20000000 0.96832000
10.30000000 0.96446000
10.40000000 0.96698000
10.50000000 0.96502000
10.60000000 0.96142000
10.70000000 0.96218000
10.80000000 0.96642000
10.90000000 0.96596000
11.00000000 0.96304000
11.10000000 0.96128000
11.20000000 0.96230000
11.30000000 0.96438000
11.40000000 0.96280000
11.50000000 0.96236000
11.60000000 0.96104000
11.70000000 0.96292000
11.80000000 0.96392000
11.90000000 0.96308000
12.00000000 0.96478000
12.10000000 0.96474000
12.20000000 0.96310000
12.30000000 0.96748000
12.40000000 0.96716000
12.50000000 0.96520000
12.60000000 0.96698000
12.70000000 0.96572000
12.80000000 0.96568000
12.90000000 0.96774000
13.00000000 0.97052000
13.10000000 0.96750000
13.20000000 0.96606000
13.30000000 0.96732000
13.40000000 0.96448000
13.50000000 0.96890000
13.60000000 0.96636000
13.70000000 0.96654000
13.80000000 0.96834000
13.90000000 0.96476000
14.00000000 0.96522000
14.10000000 0.96392000
14.20000000 0.96906000
14.30000000 0.96816000
14.40000000 0.96960000
14.50000000 0.96698000
14.60000000 0.97176000
14.70000000 0.96826000
14.80000000 0.97230000
14.90000000 0.96882000
15.00000000 0.96902000
15.10000000 0.96836000
15.20000000 0.97078000
15.30000000 0.97210000
15.40000000 0.96770000
15.50000000 0.97182000
15.60000000 0.97244000
15.70000000 0.96834000
15.80000000 0.96892000
15.90000000 0.97148000
16.00000000 0.97104000
16.10000000 0.97118000
16.20000000 0.97168000
16.30000000 0.96988000
16.40000000 0.97002000
16.50000000 0.97156000
16.60000000 0.97168000
16.70000000 0.97264000
16.80000000 0.97414000
16.90000000 0.97378000
17.00000000 0.97274000
17.10000000 0.97324000
17.20000000 0.97578000
17.30000000 0.97512000
17.40000000 0.97584000
17.50000000 0.97606000
17.60000000 0.97744000
17.70000000 0.97410000
17.80000000 0.97816000
17.90000000 0.97552000
18.00000000 0.97616000
18.10000000 0.97620000
18.20000000 0.97706000
18.30000000 0.97486000
18.40000000 0.97518000
18.50000000 0.97470000
18.60000000 0.97482000
18.70000000 0.97544000
18.80000000 0.97778000
18.90000000 0.97674000
19.00000000 0.97638000
19.10000000 0.97692000
19.20000000 0.97690000
19.30000000 0.97798000
19.40000000 0.97800000
19.50000000 0.97784000
19.60000000 0.97826000
19.70000000 0.97898000
19.80000000 0.97716000
19.90000000 0.97786000
20.00000000 0.97752000
