0.10000000 0.00000000
0.20000000 0.00000000
0.30000000 0.00000000
0.40000000 0.00000000
0.50000000 0.00000000
0.60000000 0.05628000
0.70000000 7.51020000
0.80000000 35.27750000
0.90000000 62.21966000
1.00000000 76.86572000
1.10000000 81.83732000
1.20000000 79.95164000
1.30000000 74.15504000
1.40000000 67.06274000
1.50000000 60.62760000
1.60000000 55.43194000
1.70000000 50.55082000
1.80000000 46.51944000
1.90000000 42.88774000
2.00000000 39.55662000
2.10000000 36.56582000
2.20000000 33.76626000
2.30000000 31.15990000
2.40000000 28.76720000
2.50000000 26.81200000
2.60000000 25.06100000
2.70000000 23.42038000
2.80000000 21.93812000
2.90000000 20.53486000
3.00000000 19.25530000
3.10000000 17.97266000
3.20000000 16.84888000
3.30000000 15.76084000
3.40000000 14.73936000
3.50000000 13.82142000
3.60000000 12.90426000
3.70000000 12.07932000
3.80000000 11.30744000
3.90000000 10.55510000
4.00000000 9.85564000
4.10000000 9.24426000
4.20000000 8.60384000
4.30000000 8.06616000
4.40000000 7.53222000
4.50000000 7.03898000
4.60000000 6.54808000
4.70000000 6.15490000
4.80000000 5.74972000
4.90000000 5.37306000
5.00000000 5.00990000
5.10000000 4.67628000
5.20000000 4.38640000
5.30000000 4.09320000
5.40000000 3.82630000
5.50000000 3.57584000
5.60000000 3.36020000
5.70000000 3.14356000
5.80000000 2.94576000
5.90000000 2.77248000
6.00000000 2.60462000
6.10000000 2.45808000
6.20000000 2.30552000
6.30000000 2.18028000
6.40000000 2.05110000
6.50000000 1.93616000
6.60000000 1.84486000
6.70000000 1.73906000
6.80000000 1.65860000
6.90000000 1.58336000
7.00000000 1.50696000
7.10000000 1.44460000
7.20000000 1.38378000
7.30000000 1.33034000
7.40000000 1.29132000
7.50000000 1.24714000
7.60000000 1.20566000
7.70000000 1.17374000
7.80000000 1.15192000
7.90000000 1.11936000
8.00000000 1.10000000
8.10000000 1.07778000
8.20000000 1.06270000
8.30000000 1.03920000
8.40000000 1.02764000
8.50000000 1.01296000
8.60000000 1.00010000
8.70000000 0.99410000
8.80000000 0.98524000
8.90000000 0.97544000
9.00000000 0.97242000
9.10000000 0.96784000
9.20000000 0.96324000
9.30000000 0.96150000
9.40000000 0.95788000
9.50000000 0.95510000
9.60000000 0.95594000
9.70000000 0.95414000
9.80000000 0.95144000
9.90000000 0.95136000
10.00000000 0.95216000
10.10000000 0.95374000
10.20000000 0.95500000
10.30000000 0.95274000
10.40000000 0.95106000
10.50000000 0.95314000
10.60000000 0.95496000
10.70000000 0.95446000
10.80000000 0.95500000
10.90000000 0.95882000
11.00000000 0.95628000
11.10000000 0.95564000
11.20000000 0.95644000
11.30000000 0.95526000
11.40000000 0.95854000
11.50000000 0.95924000
11.60000000 0.95428000
11.70000000 0.95944000
11.80000000 0.95952000
11.90000000 0.95844000
12.00000000 0.95910000
12.10000000 0.95702000
12.20000000 0.95866000
12.30000000 0.96022000
12.40000000 0.95894000
12.50000000 0.95780000
12.60000000 0.95730000
12.70000000 0.96122000
12.80000000 0.95894000
12.90000000 0.95730000
13.00000000 0.96052000
13.10000000 0.96048000
13.20000000 0.95890000
13.30000000 0.96192000
13.40000000 0.96128000
13.50000000 0.96098000
13.60000000 0.96196000
13.70000000 0.96400000
13.80000000 0.96248000
13.90000000 0.96044000
14.00000000 0.96220000
14.10000000 0.96184000
14.20000000 0.96366000
14.30000000 0.96164000
14.40000000 0.95950000
14.50000000 0.96350000
14.60000000 0.96396000
14.70000000 0.96434000
14.80000000 0.96254000
14.90000000 0.96426000
15.00000000 0.96470000
15.10000000 0.96342000
15.20000000 0.96660000
15.30000000 0.96492000
15.40000000 0.96420000
15.50000000 0.96652000
15.60000000 0.96648000
15.70000000 0.96490000
15.80000000 0.96542000
15.90000000 0.96604000
16.00000000 0.96692000
16.10000000 0.96694000
16.20000000 0.96286000
16.30000000 0.96508000
16.40000000 0.96520000
16.50000000 0.96468000
16.60000000 0.96482000
16.70000000 0.96318000
16.80000000 0.96322000
16.90000000 0.96340000
17.00000000 0.96338000
17.10000000 0.96236000
17.20000000 0.96552000
17.30000000 0.96454000
17.40000000 0.96476000
17.50000000 0.96422000
17.60000000 0.96386000
17.70000000 0.96468000
17.80000000 0.96700000
17.90000000 0.96474000
18.00000000 0.96828000
18.10000000 0.96692000
18.20000000 0.96624000
18.30000000 0.96610000
18.40000000 0.96792000
18.50000000 0.96628000
18.60000000 0.96776000
18.70000000 0.96668000
18.80000000 0.96722000
18.90000000 0.96664000
19.00000000 0.96814000
19.10000000 0.96892000
19.20000000 0.96862000
19.30000000 0.96934000
19.40000000 0.96896000
19.50000000 0.97022000
19.60000000 0.97132000
19.70000000 0.97220000
19.80000000 0.97176000
19.90000000 0.97204000
20.00000000 0.97258000
