0.10000000 0.00000000
0.20000000 0.00000000
0.30000000 0.00000000
0.40000000 0.00000000
0.50000000 0.00000000
0.60000000 0.00000000
0.70000000 0.00005711
0.80000000 0.06276421
0.90000000 0.64136063
1.00000000 1.51301812
1.10000000 0.64395428
1.20000000 0.48627451
1.30000000 0.63147795
1.40000000 0.80702278
1.50000000 0.77446758
1.60000000 0.64418064
1.70000000 0.71625803
1.80000000 0.81667511
1.90000000 0.85828057
2.00000000 0.83125583
2.10000000 0.81684773
2.20000000 0.82158969
2.30000000 0.81962270
2.40000000 0.79829838
2.50000000 0.77892678
2.60000000 0.76859363
2.70000000 0.76013716
2.80000000 0.75176925
2.90000000 0.73545573
3.00000000 0.72460620
3.10000000 0.71756562
3.20000000 0.70787024
3.30000000 0.69833918
3.40000000 0.68970974
3.50000000 0.68116625
3.60000000 0.67314051
3.70000000 0.66570095
3.80000000 0.65882359
3.90000000 0.65038594
4.00000000 0.64280960
4.10000000 0.63564763
4.20000000 0.62730560
4.30000000 0.61948971
4.40000000 0.61152032
4.50000000 0.60348094
4.60000000 0.59607170
4.70000000 0.58771509
4.80000000 0.57952819
4.90000000 0.57154960
5.00000000 0.56399561
5.10000000 0.55581536
5.20000000 0.54805101
5.30000000 0.53954413
5.40000000 0.53213985
5.50000000 0.52392283
5.60000000 0.51621217
5.70000000 0.50840569
5.80000000 0.50070009
5.90000000 0.49337568
6.00000000 0.48569222
6.10000000 0.47796274
6.20000000 0.47108630
6.30000000 0.46304921
6.40000000 0.45554242
6.50000000 0.44776339
6.60000000 0.44086885
6.70000000 0.43232106
6.80000000 0.42587601
6.90000000 0.41807623
7.00000000 0.41082391
7.10000000 0.40380373
7.20000000 0.39667761
7.30000000 0.38958135
7.40000000 0.38242828
7.50000000 0.37551512
7.60000000 0.36868076
7.70000000 0.36182057
7.80000000 0.35463309
7.90000000 0.34816048
8.00000000 0.34120785
8.10000000 0.33440048
8.20000000 0.32762078
8.30000000 0.32067438
8.40000000 0.31394499
8.50000000 0.30779098
8.60000000 0.30075772
8.70000000 0.29462570
8.80000000 0.28820356
8.90000000 0.28145678
9.00000000 0.27559059
9.10000000 0.26932313
9.20000000 0.26305678
9.30000000 0.25678696
9.40000000 0.25108655
9.50000000 0.24480921
9.60000000 0.23898603
9.70000000 0.23319475
9.80000000 0.22735004
9.90000000 0.22139769
10.00000000 0.21574723
10.10000000 0.21034082
10.20000000 0.20455946
10.30000000 0.19904363
10.40000000 0.19343592
10.50000000 0.18828767
10.60000000 0.18280650
10.70000000 0.17759618
10.80000000 0.17229429
10.90000000 0.16723629
11.00000000 0.16239509
11.10000000 0.15733934
11.20000000 0.15220449
11.30000000 0.14758137
11.40000000 0.14276987
11.50000000 0.13794003
11.60000000 0.13341487
11.70000000 0.12894877
11.80000000 0.12446759
11.90000000 0.11998365
12.00000000 0.11579238
12.10000000 0.11155873
12.20000000 0.10746875
12.30000000 0.10336574
12.40000000 0.09936893
12.50000000 0.09535530
12.60000000 0.09148330
12.70000000 0.08775958
12.80000000 0.08421994
12.90000000 0.08045915
13.00000000 0.07699483
13.10000000 0.07362264
13.20000000 0.07019671
13.30000000 0.06685316
13.40000000 0.06366556
13.50000000 0.06056233
13.60000000 0.05756366
13.70000000 0.05458196
13.80000000 0.05179063
13.90000000 0.04903484
14.00000000 0.04643433
14.10000000 0.04387069
14.20000000 0.04126957
14.30000000 0.03897396
14.40000000 0.03667160
14.50000000 0.03439011
14.60000000 0.03225321
14.70000000 0.03013334
14.80000000 0.02824137
14.90000000 0.02624370
15.00000000 0.02444254
15.10000000 0.02268775
15.20000000 0.02105092
15.30000000 0.01951702
15.40000000 0.01799948
15.50000000 0.01662823
15.60000000 0.01529267
15.70000000 0.01403488
15.80000000 0.01287650
15.90000000 0.01176264
16.00000000 0.01074906
16.10000000 0.00978165
16.20000000 0.00888556
16.30000000 0.00804056
16.40000000 0.00725032
16.50000000 0.00655974
16.60000000 0.00591082
16.70000000 0.00526887
16.80000000 0.00471669
16.90000000 0.00420446
17.00000000 0.00376580
17.10000000 0.00335025
17.20000000 0.00294554
17.30000000 0.00260173
17.40000000 0.00231310
17.50000000 0.00202318
17.60000000 0.00176752
17.70000000 0.00154269
17.80000000 0.00135223
17.90000000 0.00117894
18.00000000 0.00102294
18.10000000 0.00088744
18.20000000 0.00076135
18.30000000 0.00065663
18.40000000 0.00056301
18.50000000 0.00048391
18.60000000 0.00041350
18.70000000 0.00034775
18.80000000 0.00029805
18.90000000 0.00025965
19.00000000 0.00021705
19.10000000 0.00018377
19.20000000 0.00015483
19.30000000 0.00012993
19.40000000 0.00010845
19.50000000 0.00009270
19.60000000 0.00007777
19.70000000 0.00006213
19.80000000 0.00005277
19.90000000 0.00004229
20.00000000 0.00003712
