0.100000 0.000000
0.200000 0.000000
0.300000 0.000000
0.400000 0.000000
0.500000 0.000000
0.600000 0.000000
0.700000 0.694920
0.800000 25.555940
0.900000 67.035480
1.000000 74.996020
1.100000 66.126980
1.200000 57.394640
1.300000 49.943780
1.400000 43.496280
1.500000 38.655760
1.600000 35.218800
1.700000 32.065040
1.800000 28.826580
1.900000 25.680980
2.000000 22.841380
2.100000 20.434040
2.200000 18.359360
2.300000 16.592940
2.400000 15.005620
2.500000 13.553540
2.600000 12.239080
2.700000 10.945100
2.800000 9.781260
2.900000 8.718580
3.000000 7.770760
3.100000 6.901020
3.200000 6.134340
3.300000 5.422100
3.400000 4.791020
3.500000 4.229960
3.600000 3.712300
3.700000 3.260540
3.800000 2.859700
3.900000 2.499880
4.000000 2.183300
4.100000 1.896140
4.200000 1.655580
4.300000 1.429760
4.400000 1.235560
4.500000 1.066880
4.600000 0.917800
4.700000 0.785700
4.800000 0.673480
4.900000 0.575040
5.000000 0.493640
5.100000 0.420180
5.200000 0.357860
5.300000 0.303540
5.400000 0.257540
5.500000 0.219260
5.600000 0.184340
5.700000 0.156540
5.800000 0.129860
5.900000 0.109540
6.000000 0.091640
6.100000 0.076960
6.200000 0.063160
6.300000 0.053140
6.400000 0.043940
6.500000 0.036100
6.600000 0.029840
6.700000 0.024360
6.800000 0.019760
6.900000 0.016740
7.000000 0.013120
7.100000 0.010840
7.200000 0.008780
7.300000 0.006980
7.400000 0.005720
7.500000 0.004420
7.600000 0.003780
7.700000 0.002840
7.800000 0.002380
7.900000 0.001760
8.000000 0.001400
8.100000 0.001040
8.200000 0.000860
8.300000 0.000640
8.400000 0.000480
8.500000 0.000380
8.600000 0.000320
8.700000 0.000220
8.800000 0.000140
8.900000 0.000100
9.000000 0.000100
9.100000 0.000060
9.200000 0.000040
9.300000 0.000000
9.400000 0.000000
9.500000 0.000000
9.600000 0.000000
9.700000 0.000000
9.800000 0.000000
9.900000 0.000000
10.000000 0.000000
10.100000 0.000000
10.200000 0.000000
10.300000 0.000000
10.400000 0.000000
10.500000 0.000000
10.600000 0.000000
10.700000 0.000000
10.800000 0.000000
10.900000 0.000000
11.000000 0.000000
11.100000 0.000000
11.200000 0.000000
11.300000 0.000000
11.400000 0.000000
11.500000 0.000000
11.600000 0.000000
11.700000 0.000000
11.800000 0.000000
11.900000 0.000000
12.000000 0.000000
12.100000 0.000000
12.200000 0.000000
12.300000 0.000000
12.400000 0.000000
12.500000 0.000000
12.600000 0.000000
12.700000 0.000000
12.800000 0.000000
12.900000 0.000000
13.000000 0.000000
13.100000 0.000000
13.200000 0.000000
13.300000 0.000000
13.400000 0.000000
13.500000 0.000000
13.600000 0.000000
13.700000 0.000000
13.800000 0.000000
13.900000 0.000000
14.000000 0.000000
14.100000 0.000000
14.200000 0.000000
14.300000 0.000000
14.400000 0.000000
14.500000 0.000000
14.600000 0.000000
14.700000 0.000000
14.800000 0.000000
14.900000 0.000000
15.000000 0.000000
15.100000 0.000000
15.200000 0.000000
15.300000 0.000000
15.400000 0.000000
15.500000 0.000000
15.600000 0.000000
15.700000 0.000000
15.800000 0.000000
15.900000 0.000000
16.000000 0.000000
16.100000 0.000000
16.200000 0.000000
16.300000 0.000000
16.400000 0.000000
16.500000 0.000000
16.600000 0.000000
16.700000 0.000000
16.800000 0.000000
16.900000 0.000000
17.000000 0.000000
17.100000 0.000000
17.200000 0.000000
17.300000 0.000000
17.400000 0.000000
17.500000 0.000000
17.600000 0.000000
17.700000 0.000000
17.800000 0.000000
17.900000 0.000000
18.000000 0.000000
18.100000 0.000000
18.200000 0.000000
18.300000 0.000000
18.400000 0.000000
18.500000 0.000000
18.600000 0.000000
18.700000 0.000000
18.800000 0.000000
18.900000 0.000000
19.000000 0.000000
19.100000 0.000000
19.200000 0.000000
19.300000 0.000000
19.400000 0.000000
19.500000 0.000000
19.600000 0.000000
19.700000 0.000000
19.800000 0.000000
19.900000 0.000000
20.000000 0.000000
