0.100000 0.000000
0.200000 0.000000
0.300000 0.000000
0.400000 0.000000
0.500000 0.000000
0.600000 0.000000
0.700000 0.012780
0.800000 16.728200
0.900000 189.247080
1.000000 464.694500
1.100000 124.136980
1.200000 38.244440
1.300000 78.977220
1.400000 129.325580
1.500000 109.189240
1.600000 41.045560
1.700000 41.525620
1.800000 52.539340
1.900000 51.900040
2.000000 33.887340
2.100000 23.635900
2.200000 24.879360
2.300000 24.604840
2.400000 19.695360
2.500000 14.041260
2.600000 12.416640
2.700000 11.700240
2.800000 9.962120
2.900000 7.804200
3.000000 6.130480
3.100000 5.454160
3.200000 4.816920
3.300000 3.805960
3.400000 3.066800
3.500000 2.591900
3.600000 2.232960
3.700000 1.907160
3.800000 1.552680
3.900000 1.364040
4.000000 1.236220
4.100000 1.147260
4.200000 1.065700
4.300000 1.012820
4.400000 1.000440
4.500000 1.001160
4.600000 1.011480
4.700000 1.002940
4.800000 1.007100
4.900000 0.991140
5.000000 0.987500
5.100000 1.001420
5.200000 0.977240
5.300000 0.999340
5.400000 0.998820
5.500000 0.989180
5.600000 0.992240
5.700000 0.976320
5.800000 0.985340
5.900000 0.982820
6.000000 0.971020
6.100000 0.987580
6.200000 0.968040
6.300000 0.980400
6.400000 0.974580
6.500000 0.986300
6.600000 0.984780
6.700000 0.986120
6.800000 0.986400
6.900000 0.995460
7.000000 0.992300
7.100000 0.996280
7.200000 0.996540
7.300000 0.990420
7.400000 1.003240
7.500000 1.005500
7.600000 1.005900
7.700000 1.004160
7.800000 1.010100
7.900000 1.008020
8.000000 0.997180
8.100000 1.005180
8.200000 0.999020
8.300000 0.987840
8.400000 1.001100
8.500000 0.997980
8.600000 0.991920
8.700000 0.991100
8.800000 0.999620
8.900000 0.996300
9.000000 1.001400
9.100000 0.992020
9.200000 1.001980
9.300000 0.994940
9.400000 1.002080
9.500000 0.997960
9.600000 1.001880
9.700000 1.001620
9.800000 0.989880
9.900000 1.003860
10.000000 0.996900
10.100000 0.989620
10.200000 0.990840
10.300000 0.992980
10.400000 0.994400
10.500000 0.996400
10.600000 0.987620
10.700000 0.988680
10.800000 1.002580
10.900000 0.995840
11.000000 0.988520
11.100000 1.001000
11.200000 1.002920
11.300000 0.994420
11.400000 0.994120
11.500000 0.993240
11.600000 0.997520
11.700000 0.992120
11.800000 0.997220
11.900000 0.983900
12.000000 0.984640
12.100000 0.987240
12.200000 0.991860
12.300000 0.983340
12.400000 0.987220
12.500000 0.987440
12.600000 0.991380
12.700000 0.994580
12.800000 0.988000
12.900000 0.988880
13.000000 0.994000
13.100000 0.991080
13.200000 0.988700
13.300000 0.985120
13.400000 0.986820
13.500000 0.993500
13.600000 0.986360
13.700000 0.985040
13.800000 0.993940
13.900000 0.997880
14.000000 0.996100
14.100000 0.990020
14.200000 0.993040
14.300000 0.993700
14.400000 0.991560
14.500000 0.995160
14.600000 0.993460
14.700000 0.987680
14.800000 0.988740
14.900000 0.996200
15.000000 0.992020
15.100000 0.991620
15.200000 0.997040
15.300000 0.999860
15.400000 0.997060
15.500000 0.996220
15.600000 0.997040
15.700000 0.996240
15.800000 0.998000
15.900000 0.996120
16.000000 0.992360
16.100000 0.994420
16.200000 0.994260
16.300000 0.991280
16.400000 0.990020
16.500000 0.993700
16.600000 0.996340
16.700000 0.990460
16.800000 0.997960
16.900000 1.001140
17.000000 1.005320
17.100000 1.001020
17.200000 0.997620
17.300000 1.002060
17.400000 1.002960
17.500000 0.998880
17.600000 0.998620
17.700000 1.000400
17.800000 0.996840
17.900000 0.994240
18.000000 0.998600
18.100000 1.002340
18.200000 0.997360
18.300000 1.000220
18.400000 0.995540
18.500000 0.999420
18.600000 0.995720
18.700000 0.997240
18.800000 1.001400
18.900000 0.995620
19.000000 0.995620
19.100000 0.995460
19.200000 0.994080
19.300000 0.997420
19.400000 0.996880
19.500000 0.990900
19.600000 0.997280
19.700000 0.995220
19.800000 0.998460
19.900000 0.998620
20.000000 0.998260
