0.100000 0.000000
0.200000 0.000000
0.300000 0.000000
0.400000 0.000000
0.500000 0.000000
0.600000 0.302480
0.700000 28.552620
0.800000 53.965320
0.900000 61.860800
1.000000 65.615680
1.100000 62.884680
1.200000 57.563320
1.300000 51.006580
1.400000 44.576540
1.500000 39.497700
1.600000 35.262920
1.700000 31.571860
1.800000 28.443520
1.900000 25.741100
2.000000 23.322260
2.100000 20.999180
2.200000 18.835700
2.300000 16.844960
2.400000 15.081100
2.500000 13.468380
2.600000 12.105180
2.700000 10.844200
2.800000 9.704720
2.900000 8.687340
3.000000 7.704520
3.100000 6.862620
3.200000 6.077940
3.300000 5.381880
3.400000 4.743660
3.500000 4.183520
3.600000 3.669100
3.700000 3.224660
3.800000 2.808100
3.900000 2.457120
4.000000 2.134200
4.100000 1.849480
4.200000 1.604020
4.300000 1.385700
4.400000 1.194820
4.500000 1.025600
4.600000 0.878100
4.700000 0.756200
4.800000 0.646340
4.900000 0.549400
5.000000 0.467040
5.100000 0.397520
5.200000 0.336040
5.300000 0.286120
5.400000 0.240960
5.500000 0.202060
5.600000 0.169020
5.700000 0.142020
5.800000 0.119000
5.900000 0.099100
6.000000 0.081920
6.100000 0.068100
6.200000 0.056500
6.300000 0.046660
6.400000 0.038260
6.500000 0.031260
6.600000 0.025840
6.700000 0.020780
6.800000 0.017220
6.900000 0.013740
7.000000 0.011120
7.100000 0.009120
7.200000 0.007180
7.300000 0.005920
7.400000 0.004500
7.500000 0.003660
7.600000 0.002820
7.700000 0.002160
7.800000 0.001700
7.900000 0.001400
8.000000 0.001020
8.100000 0.000760
8.200000 0.000600
8.300000 0.000420
8.400000 0.000320
8.500000 0.000240
8.600000 0.000200
8.700000 0.000140
8.800000 0.000100
8.900000 0.000100
9.000000 0.000000
9.100000 0.000000
9.200000 0.000000
9.300000 0.000000
9.400000 0.000000
9.500000 0.000000
9.600000 0.000000
9.700000 0.000000
9.800000 0.000000
9.900000 0.000000
10.000000 0.000000
10.100000 0.000000
10.200000 0.000000
10.300000 0.000000
10.400000 0.000000
10.500000 0.000000
10.600000 0.000000
10.700000 0.000000
10.800000 0.000000
10.900000 0.000000
11.000000 0.000000
11.100000 0.000000
11.200000 0.000000
11.300000 0.000000
11.400000 0.000000
11.500000 0.000000
11.600000 0.000000
11.700000 0.000000
11.800000 0.000000
11.900000 0.000000
12.000000 0.000000
12.100000 0.000000
12.200000 0.000000
12.300000 0.000000
12.400000 0.000000
12.500000 0.000000
12.600000 0.000000
12.700000 0.000000
12.800000 0.000000
12.900000 0.000000
13.000000 0.000000
13.100000 0.000000
13.200000 0.000000
13.300000 0.000000
13.400000 0.000000
13.500000 0.000000
13.600000 0.000000
13.700000 0.000000
13.800000 0.000000
13.900000 0.000000
14.000000 0.000000
14.100000 0.000000
14.200000 0.000000
14.300000 0.000000
14.400000 0.000000
14.500000 0.000000
14.600000 0.000000
14.700000 0.000000
14.800000 0.000000
14.900000 0.000000
15.000000 0.000000
15.100000 0.000000
15.200000 0.000000
15.300000 0.000000
15.400000 0.000000
15.500000 0.000000
15.600000 0.000000
15.700000 0.000000
15.800000 0.000000
15.900000 0.000000
16.000000 0.000000
16.100000 0.000000
16.200000 0.000000
16.300000 0.000000
16.400000 0.000000
16.500000 0.000000
16.600000 0.000000
16.700000 0.000000
16.800000 0.000000
16.900000 0.000000
17.000000 0.000000
17.100000 0.000000
17.200000 0.000000
17.300000 0.000000
17.400000 0.000000
17.500000 0.000000
17.600000 0.000000
17.700000 0.000000
17.800000 0.000000
17.900000 0.000000
18.000000 0.000000
18.100000 0.000000
18.200000 0.000000
18.300000 0.000000
18.400000 0.000000
18.500000 0.000000
18.600000 0.000000
18.700000 0.000000
18.800000 0.000000
18.900000 0.000000
19.000000 0.000000
19.100000 0.000000
19.200000 0.000000
19.300000 0.000000
19.400000 0.000000
19.500000 0.000000
19.600000 0.000000
19.700000 0.000000
19.800000 0.000000
19.900000 0.000000
20.000000 0.000000
