0.10000000 0.00000000
0.20000000 0.00000000
0.30000000 0.00000000
0.40000000 0.00000000
0.50000000 0.00000000
0.60000000 0.00000000
0.70000000 0.18854000
0.80000000 17.49542000
0.90000000 64.64716000
1.00000000 87.41872000
1.10000000 87.57016000
1.20000000 81.21590000
1.30000000 73.05860000
1.40000000 65.62682000
1.50000000 59.61198000
1.60000000 55.00162000
1.70000000 50.51540000
1.80000000 46.83622000
1.90000000 43.08106000
2.00000000 39.39828000
2.10000000 36.22246000
2.20000000 33.44686000
2.30000000 30.94888000
2.40000000 28.79176000
2.50000000 26.85768000
2.60000000 25.10228000
2.70000000 23.48016000
2.80000000 21.96568000
2.90000000 20.50296000
3.00000000 19.13562000
3.10000000 17.96058000
3.20000000 16.77736000
3.30000000 15.76792000
3.40000000 14.74952000
3.50000000 13.75776000
3.60000000 12.88796000
3.70000000 12.03366000
3.80000000 11.29906000
3.90000000 10.56496000
4.00000000 9.84224000
4.10000000 9.20794000
4.20000000 8.60660000
4.30000000 8.05986000
4.40000000 7.52314000
4.50000000 7.03834000
4.60000000 6.55578000
4.70000000 6.14816000
4.80000000 5.74136000
4.90000000 5.36378000
5.00000000 5.03060000
5.10000000 4.67600000
5.20000000 4.37908000
5.30000000 4.10092000
5.40000000 3.82444000
5.50000000 3.59862000
5.60000000 3.36150000
5.70000000 3.15292000
5.80000000 2.96132000
5.90000000 2.79138000
6.00000000 2.60668000
6.10000000 2.45850000
6.20000000 2.30956000
6.30000000 2.19390000
6.40000000 2.05898000
6.50000000 1.95168000
6.60000000 1.85144000
6.70000000 1.75436000
6.80000000 1.66544000
6.90000000 1.58884000
7.00000000 1.50936000
7.10000000 1.45414000
7.20000000 1.39514000
7.30000000 1.32440000
7.40000000 1.29062000
7.50000000 1.25000000
7.60000000 1.21162000
7.70000000 1.18194000
7.80000000 1.15418000
7.90000000 1.12608000
8.00000000 1.10050000
8.10000000 1.07766000
8.20000000 1.06094000
8.30000000 1.04354000
8.40000000 1.02594000
8.50000000 1.01518000
8.60000000 1.00222000
8.70000000 0.99450000
8.80000000 0.98368000
8.90000000 0.97636000
9.00000000 0.97490000
9.10000000 0.96566000
9.20000000 0.96732000
9.30000000 0.96082000
9.40000000 0.95254000
9.50000000 0.95692000
9.60000000 0.95576000
9.70000000 0.95444000
9.80000000 0.95056000
9.90000000 0.95648000
10.00000000 0.95034000
10.10000000 0.95214000
10.20000000 0.94816000
10.30000000 0.94928000
10.40000000 0.95518000
10.50000000 0.95216000
10.60000000 0.95916000
10.70000000 0.95610000
10.80000000 0.95604000
10.90000000 0.95794000
11.00000000 0.95674000
11.10000000 0.95952000
11.20000000 0.95708000
11.30000000 0.95418000
11.40000000 0.96114000
11.50000000 0.95522000
11.60000000 0.95806000
11.70000000 0.95742000
11.80000000 0.95564000
11.90000000 0.95644000
12.00000000 0.95912000
12.10000000 0.95986000
12.20000000 0.96066000
12.30000000 0.96064000
12.40000000 0.95920000
12.50000000 0.95918000
12.60000000 0.96138000
12.70000000 0.95722000
12.80000000 0.95588000
12.90000000 0.95764000
13.00000000 0.96268000
13.10000000 0.95922000
13.20000000 0.96194000
13.30000000 0.95868000
13.40000000 0.96516000
13.50000000 0.96140000
13.60000000 0.96082000
13.70000000 0.95906000
13.80000000 0.95934000
13.90000000 0.96414000
14.00000000 0.96206000
14.10000000 0.96242000
14.20000000 0.95924000
14.30000000 0.96106000
14.40000000 0.96544000
14.50000000 0.96080000
14.60000000 0.96092000
14.70000000 0.96380000
14.80000000 0.96390000
14.90000000 0.96358000
15.00000000 0.96286000
15.10000000 0.96420000
15.20000000 0.96710000
15.30000000 0.96672000
15.40000000 0.96600000
15.50000000 0.96418000
15.60000000 0.96604000
15.70000000 0.96514000
15.80000000 0.96498000
15.90000000 0.96562000
16.00000000 0.96302000
16.10000000 0.96794000
16.20000000 0.96508000
16.30000000 0.96640000
16.40000000 0.96528000
16.50000000 0.96316000
16.60000000 0.96456000
16.70000000 0.96452000
16.80000000 0.96434000
16.90000000 0.96588000
17.00000000 0.96330000
17.10000000 0.96412000
17.20000000 0.96372000
17.30000000 0.96406000
17.40000000 0.96478000
17.50000000 0.96508000
17.60000000 0.96334000
17.70000000 0.96516000
17.80000000 0.96522000
17.90000000 0.96444000
18.00000000 0.96684000
18.10000000 0.96610000
18.20000000 0.96852000
18.30000000 0.96660000
18.40000000 0.96668000
18.50000000 0.96752000
18.60000000 0.96596000
18.70000000 0.96620000
18.80000000 0.96832000
18.90000000 0.96520000
19.00000000 0.96814000
19.10000000 0.96740000
19.20000000 0.96840000
19.30000000 0.97048000
19.40000000 0.97018000
19.50000000 0.96960000
19.60000000 0.97124000
19.70000000 0.97076000
19.80000000 0.97228000
19.90000000 0.97394000
20.00000000 0.97144000
