0.100000 0.000000
0.200000 0.000000
0.300000 0.000000
0.400000 0.000000
0.500000 0.000000
0.600000 0.136560
0.700000 143.951440
0.800000 454.850500
0.900000 80.865260
1.000000 104.761720
1.100000 121.792240
1.200000 58.467380
1.300000 37.487460
1.400000 41.863520
1.500000 47.026980
1.600000 51.458660
1.700000 50.579120
1.800000 39.323600
1.900000 23.727160
2.000000 17.738180
2.100000 16.940700
2.200000 16.256440
2.300000 15.224160
2.400000 13.421380
2.500000 11.375260
2.600000 9.352160
2.700000 8.053500
2.800000 7.031340
2.900000 6.282240
3.000000 5.552460
3.100000 4.936600
3.200000 4.459000
3.300000 3.831640
3.400000 3.291040
3.500000 2.857620
3.600000 2.510780
3.700000 2.255520
3.800000 2.054320
3.900000 1.861660
4.000000 1.726260
4.100000 1.579000
4.200000 1.447300
4.300000 1.385060
4.400000 1.305600
4.500000 1.228340
4.600000 1.177580
4.700000 1.145080
4.800000 1.094780
4.900000 1.074460
5.000000 1.055960
5.100000 1.031960
5.200000 1.030700
5.300000 1.019180
5.400000 1.008800
5.500000 0.995140
5.600000 1.011000
5.700000 0.990640
5.800000 0.991040
5.900000 1.002500
6.000000 0.984140
6.100000 0.983400
6.200000 0.986560
6.300000 0.985920
6.400000 0.973440
6.500000 0.974280
6.600000 0.989280
6.700000 0.976680
6.800000 0.980940
6.900000 0.979780
7.000000 0.985020
7.100000 0.971080
7.200000 0.986140
7.300000 0.975460
7.400000 0.985300
7.500000 0.980100
7.600000 0.986580
7.700000 0.989460
7.800000 0.983960
7.900000 0.978300
8.000000 0.985900
8.100000 0.977320
8.200000 0.993520
8.300000 0.992020
8.400000 0.987840
8.500000 0.992380
8.600000 0.996420
8.700000 1.003160
8.800000 0.992700
8.900000 0.993380
9.000000 0.993160
9.100000 0.997740
9.200000 0.995260
9.300000 1.006360
9.400000 0.996120
9.500000 0.990340
9.600000 0.996080
9.700000 0.996500
9.800000 0.994080
9.900000 0.997920
10.000000 1.005340
10.100000 1.002140
10.200000 0.997620
10.300000 1.000720
10.400000 1.006540
10.500000 0.999840
10.600000 0.999380
10.700000 0.999980
10.800000 1.003040
10.900000 0.995300
11.000000 1.002220
11.100000 1.002380
11.200000 1.003640
11.300000 0.997740
11.400000 0.993380
11.500000 0.998800
11.600000 1.003100
11.700000 1.004040
11.800000 1.003100
11.900000 0.997960
12.000000 0.995980
12.100000 1.002240
12.200000 1.003680
12.300000 1.001700
12.400000 0.999540
12.500000 0.999180
12.600000 1.005100
12.700000 0.997540
12.800000 0.998860
12.900000 1.005940
13.000000 1.001620
13.100000 0.996800
13.200000 1.000340
13.300000 1.000560
13.400000 0.998920
13.500000 1.001600
13.600000 0.998480
13.700000 1.002220
13.800000 1.002400
13.900000 0.999440
14.000000 0.998660
14.100000 1.002940
14.200000 0.997100
14.300000 0.994900
14.400000 0.999440
14.500000 0.997400
14.600000 0.999120
14.700000 0.995920
14.800000 0.999000
14.900000 0.998280
15.000000 0.998760
15.100000 1.000100
15.200000 0.996740
15.300000 1.000780
15.400000 1.001160
15.500000 0.999620
15.600000 0.999080
15.700000 0.998880
15.800000 1.000540
15.900000 0.998100
16.000000 0.999200
16.100000 1.002980
16.200000 1.002280
16.300000 0.999760
16.400000 1.001680
16.500000 1.004520
16.600000 0.998280
16.700000 1.002840
16.800000 0.998180
16.900000 0.999380
17.000000 0.999660
17.100000 0.999240
17.200000 1.000360
17.300000 0.996920
17.400000 0.995160
17.500000 0.993880
17.600000 0.997120
17.700000 1.004460
17.800000 0.997540
17.900000 1.002120
18.000000 0.993720
18.100000 0.997320
18.200000 0.998420
18.300000 0.997180
18.400000 1.000460
18.500000 0.993940
18.600000 0.996580
18.700000 0.995740
18.800000 0.997440
18.900000 0.992820
19.000000 0.999380
19.100000 0.994260
19.200000 0.995740
19.300000 0.995440
19.400000 0.997640
19.500000 0.995900
19.600000 0.994840
19.700000 0.993480
19.800000 0.995600
19.900000 0.994900
20.000000 0.998180
