0.100000 0.000000
0.200000 0.000000
0.300000 0.000000
0.400000 0.000000
0.500000 0.026390
0.600000 0.439600
0.700000 1.079294
0.800000 1.249263
0.900000 0.755017
1.000000 0.888585
1.100000 0.943392
1.200000 0.776290
1.300000 0.722824
1.400000 0.739445
1.500000 0.746774
1.600000 0.758155
1.700000 0.779313
1.800000 0.781480
1.900000 0.773184
2.000000 0.775749
2.100000 0.776180
2.200000 0.770963
2.300000 0.762107
2.400000 0.754414
2.500000 0.746020
2.600000 0.736535
2.700000 0.728876
2.800000 0.721566
2.900000 0.712357
3.000000 0.704227
3.100000 0.694900
3.200000 0.685761
3.300000 0.677422
3.400000 0.670133
3.500000 0.661676
3.600000 0.653613
3.700000 0.646408
3.800000 0.638901
3.900000 0.630978
4.000000 0.623638
4.100000 0.615785
4.200000 0.609015
4.300000 0.600826
4.400000 0.594321
4.500000 0.585803
4.600000 0.578409
4.700000 0.570994
4.800000 0.563619
4.900000 0.555780
5.000000 0.548413
5.100000 0.540864
5.200000 0.533167
5.300000 0.525895
5.400000 0.518323
5.500000 0.510949
5.600000 0.503380
5.700000 0.495921
5.800000 0.488529
5.900000 0.481226
6.000000 0.473648
6.100000 0.466586
6.200000 0.458970
6.300000 0.452253
6.400000 0.444915
6.500000 0.437821
6.600000 0.430659
6.700000 0.423553
6.800000 0.416342
6.900000 0.409395
7.000000 0.402234
7.100000 0.395751
7.200000 0.388696
7.300000 0.381791
7.400000 0.374971
7.500000 0.367981
7.600000 0.361286
7.700000 0.354702
7.800000 0.348083
7.900000 0.341161
8.000000 0.334824
8.100000 0.328402
8.200000 0.321796
8.300000 0.315302
8.400000 0.308854
8.500000 0.302573
8.600000 0.296316
8.700000 0.290361
8.800000 0.284100
8.900000 0.277694
9.000000 0.271758
9.100000 0.265612
9.200000 0.259601
9.300000 0.253599
9.400000 0.248049
9.500000 0.242070
9.600000 0.236513
9.700000 0.230914
9.800000 0.225087
9.900000 0.219474
10.000000 0.213946
10.100000 0.208450
10.200000 0.203091
10.300000 0.197650
10.400000 0.192419
10.500000 0.187209
10.600000 0.182045
10.700000 0.176937
10.800000 0.171984
10.900000 0.166911
11.000000 0.162132
11.100000 0.157315
11.200000 0.152471
11.300000 0.147733
11.400000 0.143205
11.500000 0.138541
11.600000 0.134070
11.700000 0.129632
11.800000 0.125406
11.900000 0.121120
12.000000 0.116876
12.100000 0.112727
12.200000 0.108702
12.300000 0.104645
12.400000 0.100804
12.500000 0.096999
12.600000 0.093183
12.700000 0.089422
12.800000 0.085835
12.900000 0.082379
13.000000 0.078878
13.100000 0.075515
13.200000 0.072228
13.300000 0.068993
13.400000 0.065804
13.500000 0.062792
13.600000 0.059840
13.700000 0.056955
13.800000 0.054104
13.900000 0.051356
14.000000 0.048740
14.100000 0.046175
14.200000 0.043715
14.300000 0.041291
14.400000 0.038986
14.500000 0.036755
14.600000 0.034603
14.700000 0.032540
14.800000 0.030542
14.900000 0.028607
15.000000 0.026815
15.100000 0.025058
15.200000 0.023358
15.300000 0.021782
15.400000 0.020260
15.500000 0.018829
15.600000 0.017438
15.700000 0.016157
15.800000 0.014919
15.900000 0.013763
16.000000 0.012690
16.100000 0.011636
16.200000 0.010684
16.300000 0.009773
16.400000 0.008948
16.500000 0.008150
16.600000 0.007424
16.700000 0.006741
16.800000 0.006111
16.900000 0.005531
17.000000 0.004995
17.100000 0.004485
17.200000 0.004046
17.300000 0.003625
17.400000 0.003238
17.500000 0.002906
17.600000 0.002584
17.700000 0.002295
17.800000 0.002039
17.900000 0.001811
18.000000 0.001595
18.100000 0.001409
18.200000 0.001240
18.300000 0.001093
18.400000 0.000948
18.500000 0.000832
18.600000 0.000724
18.700000 0.000633
18.800000 0.000551
18.900000 0.000476
19.000000 0.000411
19.100000 0.000356
19.200000 0.000305
19.300000 0.000263
19.400000 0.000225
19.500000 0.000195
19.600000 0.000166
19.700000 0.000141
19.800000 0.000120
19.900000 0.000104
20.000000 0.000089
