0.100000 0.000000
0.200000 0.000000
0.300000 0.000000
0.400000 0.000000
0.500000 5.482200
0.600000 96.795560
0.700000 239.705280
0.800000 254.186640
0.900000 82.372580
1.000000 107.399740
1.100000 117.147580
1.200000 68.261480
1.300000 51.429860
1.400000 53.285220
1.500000 49.997240
1.600000 44.929600
1.700000 41.246620
1.800000 33.251800
1.900000 24.417220
2.000000 20.553360
2.100000 18.775580
2.200000 16.615720
2.300000 14.598100
2.400000 12.769180
2.500000 10.910200
2.600000 9.393980
2.700000 8.219540
2.800000 7.072240
2.900000 6.212620
3.000000 5.458900
3.100000 4.814120
3.200000 4.208000
3.300000 3.707280
3.400000 3.216820
3.500000 2.840060
3.600000 2.520600
3.700000 2.248980
3.800000 2.041620
3.900000 1.859980
4.000000 1.714560
4.100000 1.563100
4.200000 1.465840
4.300000 1.359020
4.400000 1.295340
4.500000 1.225840
4.600000 1.183120
4.700000 1.123660
4.800000 1.099380
4.900000 1.076560
5.000000 1.053940
5.100000 1.035500
5.200000 1.027160
5.300000 1.013340
5.400000 1.012120
5.500000 1.004240
5.600000 0.995200
5.700000 1.000700
5.800000 0.993840
5.900000 0.992380
6.000000 0.982960
6.100000 0.982800
6.200000 0.984100
6.300000 0.982480
6.400000 0.980000
6.500000 0.975720
6.600000 0.976340
6.700000 0.979160
6.800000 0.980820
6.900000 0.977440
7.000000 0.980980
7.100000 0.978740
7.200000 0.984260
7.300000 0.985240
7.400000 0.981440
7.500000 0.987940
7.600000 0.980200
7.700000 0.983580
7.800000 0.987660
7.900000 0.986120
8.000000 0.989960
8.100000 0.984540
8.200000 0.987460
8.300000 0.989620
8.400000 0.992380
8.500000 0.993900
8.600000 0.993560
8.700000 0.993880
8.800000 0.997020
8.900000 0.992300
9.000000 0.997060
9.100000 0.998280
9.200000 0.995080
9.300000 1.000360
9.400000 0.999080
9.500000 0.998480
9.600000 0.994820
9.700000 0.992460
9.800000 0.994360
9.900000 1.001240
10.000000 0.998660
10.100000 0.999220
10.200000 0.996780
10.300000 1.001740
10.400000 0.999540
10.500000 1.002780
10.600000 0.997600
10.700000 0.999960
10.800000 0.997380
10.900000 0.999500
11.000000 0.999200
11.100000 0.996720
11.200000 0.997740
11.300000 0.994560
11.400000 1.000400
11.500000 0.999180
11.600000 0.997360
11.700000 1.003940
11.800000 1.003300
11.900000 1.004020
12.000000 1.005860
12.100000 1.004360
12.200000 1.004300
12.300000 0.999420
12.400000 0.998680
12.500000 1.002900
12.600000 1.001600
12.700000 1.000240
12.800000 1.002500
12.900000 0.998100
13.000000 1.002660
13.100000 0.997480
13.200000 1.000300
13.300000 1.002380
13.400000 0.999460
13.500000 1.002120
13.600000 0.998460
13.700000 1.004140
13.800000 0.997500
13.900000 1.001000
14.000000 1.002720
14.100000 0.997760
14.200000 0.999060
14.300000 1.000280
14.400000 0.995000
14.500000 0.999560
14.600000 0.997620
14.700000 0.998480
14.800000 0.998680
14.900000 0.997660
15.000000 1.000840
15.100000 1.001680
15.200000 0.995440
15.300000 0.999940
15.400000 1.002200
15.500000 0.997380
15.600000 0.998660
15.700000 1.003140
15.800000 0.998080
15.900000 1.000860
16.000000 0.999360
16.100000 0.999920
16.200000 1.000620
16.300000 1.003320
16.400000 1.000020
16.500000 1.002500
16.600000 1.000580
16.700000 0.999320
16.800000 0.999360
16.900000 0.999400
17.000000 1.000260
17.100000 0.996840
17.200000 0.998120
17.300000 0.995760
17.400000 0.997780
17.500000 1.000080
17.600000 0.998300
17.700000 1.000320
17.800000 0.996880
17.900000 0.999860
18.000000 1.001580
18.100000 0.998260
18.200000 0.997040
18.300000 0.998000
18.400000 0.994420
18.500000 0.996220
18.600000 0.995940
18.700000 0.995040
18.800000 0.996760
18.900000 0.996060
19.000000 0.994460
19.100000 0.995640
19.200000 0.996220
19.300000 0.998260
19.400000 0.994820
19.500000 0.995720
19.600000 0.995200
19.700000 0.994120
19.800000 0.998060
19.900000 0.997300
20.000000 0.994120
