0.100000 0.000000
0.200000 0.000000
0.300000 0.000000
0.400000 0.000000
0.500000 0.000000
0.600000 0.000000
0.700000 0.003001
0.800000 0.282270
0.900000 0.944583
1.000000 1.198904
1.100000 1.167382
1.200000 1.070621
1.300000 0.988709
1.400000 0.923763
1.500000 0.877033
1.600000 0.859066
1.700000 0.847157
1.800000 0.833765
1.900000 0.812135
2.000000 0.793088
2.100000 0.772207
2.200000 0.758971
2.300000 0.748735
2.400000 0.740432
2.500000 0.736898
2.600000 0.733066
2.700000 0.727473
2.800000 0.722827
2.900000 0.715940
3.000000 0.708901
3.100000 0.702902
3.200000 0.695509
3.300000 0.687452
3.400000 0.680556
3.500000 0.673042
3.600000 0.664867
3.700000 0.656261
3.800000 0.648600
3.900000 0.640868
4.000000 0.631891
4.100000 0.624630
4.200000 0.616673
4.300000 0.608088
4.400000 0.601088
4.500000 0.592589
4.600000 0.584510
4.700000 0.577000
4.800000 0.569075
4.900000 0.561366
5.000000 0.554054
5.100000 0.546378
5.200000 0.539039
5.300000 0.530629
5.400000 0.523439
5.500000 0.515794
5.600000 0.508213
5.700000 0.500861
5.800000 0.492911
5.900000 0.486150
6.000000 0.478295
6.100000 0.471026
6.200000 0.463607
6.300000 0.456240
6.400000 0.449062
6.500000 0.441631
6.600000 0.434381
6.700000 0.427213
6.800000 0.420138
6.900000 0.412785
7.000000 0.405954
7.100000 0.398785
7.200000 0.391886
7.300000 0.384544
7.400000 0.377791
7.500000 0.370760
7.600000 0.364064
7.700000 0.357183
7.800000 0.350395
7.900000 0.343934
8.000000 0.337069
8.100000 0.330499
8.200000 0.323882
8.300000 0.317464
8.400000 0.310973
8.500000 0.304447
8.600000 0.298204
8.700000 0.291702
8.800000 0.285592
8.900000 0.279329
9.000000 0.273268
9.100000 0.267038
9.200000 0.260877
9.300000 0.255107
9.400000 0.249060
9.500000 0.243201
9.600000 0.237127
9.700000 0.231626
9.800000 0.225630
9.900000 0.220254
10.000000 0.214552
10.100000 0.209045
10.200000 0.203426
10.300000 0.197956
10.400000 0.192976
10.500000 0.187506
10.600000 0.182314
10.700000 0.177196
10.800000 0.172209
10.900000 0.167152
11.000000 0.162167
11.100000 0.157242
11.200000 0.152395
11.300000 0.147692
11.400000 0.143033
11.500000 0.138361
11.600000 0.133948
11.700000 0.129394
11.800000 0.124967
11.900000 0.120613
12.000000 0.116321
12.100000 0.112126
12.200000 0.108079
12.300000 0.104064
12.400000 0.100156
12.500000 0.096358
12.600000 0.092422
12.700000 0.088710
12.800000 0.085062
12.900000 0.081534
13.000000 0.078084
13.100000 0.074703
13.200000 0.071398
13.300000 0.068140
13.400000 0.064962
13.500000 0.061909
13.600000 0.058893
13.700000 0.056018
13.800000 0.053160
13.900000 0.050437
14.000000 0.047814
14.100000 0.045231
14.200000 0.042719
14.300000 0.040339
14.400000 0.037988
14.500000 0.035766
14.600000 0.033553
14.700000 0.031512
14.800000 0.029592
14.900000 0.027641
15.000000 0.025831
15.100000 0.024060
15.200000 0.022429
15.300000 0.020850
15.400000 0.019326
15.500000 0.017902
15.600000 0.016536
15.700000 0.015261
15.800000 0.014072
15.900000 0.012910
16.000000 0.011843
16.100000 0.010853
16.200000 0.009900
16.300000 0.009016
16.400000 0.008205
16.500000 0.007440
16.600000 0.006745
16.700000 0.006084
16.800000 0.005508
16.900000 0.004929
17.000000 0.004440
17.100000 0.003975
17.200000 0.003542
17.300000 0.003172
17.400000 0.002813
17.500000 0.002493
17.600000 0.002214
17.700000 0.001951
17.800000 0.001716
17.900000 0.001500
18.000000 0.001327
18.100000 0.001153
18.200000 0.001010
18.300000 0.000878
18.400000 0.000760
18.500000 0.000663
18.600000 0.000568
18.700000 0.000490
18.800000 0.000423
18.900000 0.000365
19.000000 0.000312
19.100000 0.000265
19.200000 0.000229
19.300000 0.000195
19.400000 0.000166
19.500000 0.000139
19.600000 0.000120
19.700000 0.000103
19.800000 0.000087
19.900000 0.000073
20.000000 0.000061
