0.100000 0.000000
0.200000 0.000000
0.300000 0.000000
0.400000 0.000000
0.500000 0.000000
0.600000 18.186720
0.700000 198.151240
0.800000 252.658180
0.900000 74.473520
1.000000 102.540060
1.100000 130.544160
1.200000 93.555660
1.300000 78.017320
1.400000 80.318860
1.500000 57.348820
1.600000 33.623000
1.700000 30.855940
1.800000 31.560700
1.900000 31.598160
2.000000 29.348960
2.100000 25.160380
2.200000 20.388440
2.300000 16.872780
2.400000 14.968340
2.500000 13.161200
2.600000 11.543720
2.700000 10.144460
2.800000 8.776920
2.900000 7.605440
3.000000 6.532800
3.100000 5.728160
3.200000 5.059640
3.300000 4.417020
3.400000 3.977380
3.500000 3.603740
3.600000 3.222060
3.700000 2.820840
3.800000 2.543740
3.900000 2.293460
4.000000 2.046260
4.100000 1.882680
4.200000 1.722600
4.300000 1.586220
4.400000 1.460040
4.500000 1.381440
4.600000 1.302040
4.700000 1.234240
4.800000 1.196720
4.900000 1.154660
5.000000 1.114560
5.100000 1.094240
5.200000 1.072360
5.300000 1.047700
5.400000 1.040540
5.500000 1.023000
5.600000 1.016800
5.700000 1.009080
5.800000 0.992480
5.900000 0.999000
6.000000 0.996040
6.100000 0.988020
6.200000 0.981520
6.300000 0.988160
6.400000 0.976020
6.500000 0.970800
6.600000 0.967040
6.700000 0.986080
6.800000 0.980540
6.900000 0.975860
7.000000 0.984120
7.100000 0.986760
7.200000 0.974820
7.300000 0.981640
7.400000 0.983340
7.500000 0.979320
7.600000 0.981900
7.700000 0.984960
7.800000 0.987500
7.900000 0.986180
8.000000 0.986120
8.100000 0.991140
8.200000 0.982840
8.300000 0.989060
8.400000 0.988280
8.500000 0.994220
8.600000 0.993260
8.700000 0.992480
8.800000 1.003020
8.900000 0.994960
9.000000 0.995820
9.100000 0.993320
9.200000 0.999660
9.300000 0.996440
9.400000 0.994500
9.500000 0.996020
9.600000 1.000060
9.700000 0.996960
9.800000 0.991420
9.900000 0.998560
10.000000 1.000980
10.100000 0.998260
10.200000 1.003660
10.300000 1.002340
10.400000 1.001620
10.500000 0.998560
10.600000 0.998780
10.700000 0.996560
10.800000 1.003800
10.900000 1.001040
11.000000 0.996440
11.100000 1.001580
11.200000 0.997720
11.300000 1.000200
11.400000 0.995940
11.500000 0.995640
11.600000 0.998260
11.700000 1.002980
11.800000 0.999640
11.900000 1.002900
12.000000 1.001960
12.100000 1.002280
12.200000 1.002940
12.300000 1.000540
12.400000 0.999700
12.500000 0.999000
12.600000 1.002840
12.700000 1.001900
12.800000 0.999040
12.900000 1.000840
13.000000 0.995800
13.100000 0.999420
13.200000 1.003360
13.300000 1.000320
13.400000 1.002220
13.500000 1.000200
13.600000 1.001080
13.700000 1.004700
13.800000 0.999120
13.900000 0.998300
14.000000 0.999460
14.100000 0.995520
14.200000 0.995000
14.300000 1.002820
14.400000 0.998100
14.500000 1.001640
14.600000 0.995680
14.700000 0.997100
14.800000 0.998440
14.900000 0.995280
15.000000 0.996780
15.100000 0.999020
15.200000 0.999240
15.300000 0.997500
15.400000 0.998940
15.500000 1.002640
15.600000 0.998840
15.700000 1.000840
15.800000 0.997160
15.900000 1.000020
16.000000 0.998260
16.100000 1.001380
16.200000 1.000340
16.300000 0.999900
16.400000 1.000100
16.500000 1.000760
16.600000 1.003420
16.700000 0.999340
16.800000 0.998740
16.900000 0.999500
17.000000 0.996200
17.100000 0.996480
17.200000 0.996380
17.300000 0.998060
17.400000 0.998460
17.500000 0.998940
17.600000 0.997840
17.700000 0.996720
17.800000 0.997500
17.900000 0.998400
18.000000 0.997460
18.100000 0.999920
18.200000 0.996520
18.300000 0.995840
18.400000 0.996200
18.500000 0.994600
18.600000 0.996240
18.700000 0.995220
18.800000 0.995140
18.900000 0.997520
19.000000 0.992000
19.100000 0.996760
19.200000 0.995260
19.300000 0.997200
19.400000 0.995500
19.500000 0.996760
19.600000 0.991060
19.700000 0.994700
19.800000 0.996540
19.900000 0.995140
20.000000 0.995540
