0.10000000 0.00000000
0.20000000 0.00000000
0.30000000 0.00000000
0.40000000 0.00000000
0.50000000 6.16730000
0.60000000 105.30314000
0.70000000 262.45996000
0.80000000 280.38254000
0.90000000 100.53060000
1.00000000 129.12502000
1.10000000 139.11614000
1.20000000 86.92508000
1.30000000 69.35310000
1.40000000 71.64824000
1.50000000 68.13818000
1.60000000 63.46214000
1.70000000 59.86676000
1.80000000 51.90062000
1.90000000 42.99454000
2.00000000 38.87776000
2.10000000 36.84462000
2.20000000 34.05794000
2.30000000 31.24744000
2.40000000 28.87536000
2.50000000 26.26148000
2.60000000 24.01380000
2.70000000 22.03656000
2.80000000 20.30002000
2.90000000 18.72634000
3.00000000 17.38798000
3.10000000 16.04680000
3.20000000 14.91228000
3.30000000 13.73074000
3.40000000 12.66780000
3.50000000 11.71248000
3.60000000 10.88196000
3.70000000 10.14672000
3.80000000 9.46336000
3.90000000 8.83778000
4.00000000 8.23276000
4.10000000 7.68418000
4.20000000 7.18318000
4.30000000 6.70872000
4.40000000 6.28880000
4.50000000 5.87760000
4.60000000 5.50892000
4.70000000 5.16214000
4.80000000 4.84136000
4.90000000 4.52734000
5.00000000 4.27502000
5.10000000 3.97872000
5.20000000 3.75372000
5.30000000 3.52452000
5.40000000 3.32710000
5.50000000 3.12844000
5.60000000 2.94250000
5.70000000 2.77574000
5.80000000 2.62666000
5.90000000 2.47434000
6.00000000 2.34218000
6.10000000 2.21794000
6.20000000 2.09696000
6.30000000 1.98930000
6.40000000 1.89524000
6.50000000 1.81018000
6.60000000 1.72364000
6.70000000 1.64834000
6.80000000 1.57130000
6.90000000 1.51248000
7.00000000 1.45320000
7.10000000 1.40460000
7.20000000 1.35414000
7.30000000 1.30538000
7.40000000 1.26312000
7.50000000 1.23232000
7.60000000 1.19918000
7.70000000 1.17120000
7.80000000 1.14230000
7.90000000 1.11578000
8.00000000 1.10054000
8.10000000 1.07932000
8.20000000 1.06230000
8.30000000 1.05084000
8.40000000 1.03912000
8.50000000 1.02970000
8.60000000 1.01686000
8.70000000 1.00874000
8.80000000 1.00488000
8.90000000 0.99746000
9.00000000 0.98928000
9.10000000 0.99256000
9.20000000 0.98640000
9.30000000 0.98198000
9.40000000 0.97836000
9.50000000 0.97852000
9.60000000 0.97646000
9.70000000 0.97508000
9.80000000 0.97288000
9.90000000 0.97208000
10.00000000 0.97070000
10.10000000 0.96874000
10.20000000 0.96426000
10.30000000 0.96910000
10.40000000 0.96878000
10.50000000 0.96622000
10.60000000 0.96498000
10.70000000 0.96466000
10.80000000 0.96580000
10.90000000 0.96454000
11.00000000 0.96366000
11.10000000 0.96288000
11.20000000 0.96380000
11.30000000 0.96466000
11.40000000 0.96436000
11.50000000 0.96276000
11.60000000 0.95896000
11.70000000 0.96352000
11.80000000 0.96410000
11.90000000 0.96598000
12.00000000 0.96530000
12.10000000 0.96536000
12.20000000 0.96724000
12.30000000 0.96366000
12.40000000 0.96690000
12.50000000 0.96478000
12.60000000 0.96546000
12.70000000 0.97136000
12.80000000 0.96900000
12.90000000 0.96668000
13.00000000 0.96554000
13.10000000 0.96636000
13.20000000 0.96682000
13.30000000 0.96894000
13.40000000 0.96678000
13.50000000 0.96764000
13.60000000 0.96958000
13.70000000 0.96360000
13.80000000 0.96842000
13.90000000 0.96562000
14.00000000 0.96976000
14.10000000 0.96696000
14.20000000 0.96772000
14.30000000 0.96562000
14.40000000 0.97012000
14.50000000 0.97072000
14.60000000 0.96868000
14.70000000 0.97228000
14.80000000 0.97060000
14.90000000 0.97028000
15.00000000 0.97048000
15.10000000 0.97260000
15.20000000 0.97026000
15.30000000 0.96984000
15.40000000 0.97252000
15.50000000 0.97078000
15.60000000 0.96990000
15.70000000 0.97046000
15.80000000 0.96902000
15.90000000 0.97166000
16.00000000 0.97210000
16.10000000 0.97196000
16.20000000 0.97012000
16.30000000 0.97012000
16.40000000 0.97038000
16.50000000 0.97324000
16.60000000 0.97238000
16.70000000 0.97208000
16.80000000 0.97218000
16.90000000 0.97288000
17.00000000 0.97348000
17.10000000 0.97526000
17.20000000 0.97580000
17.30000000 0.97558000
17.40000000 0.97638000
17.50000000 0.97654000
17.60000000 0.97570000
17.70000000 0.97620000
17.80000000 0.97614000
17.90000000 0.97574000
18.00000000 0.97684000
18.10000000 0.97516000
18.20000000 0.97608000
18.30000000 0.97468000
18.40000000 0.97668000
18.50000000 0.97742000
18.60000000 0.97478000
18.70000000 0.97716000
18.80000000 0.97796000
18.90000000 0.97644000
19.00000000 0.97644000
19.10000000 0.97830000
19.20000000 0.97658000
19.30000000 0.97740000
19.40000000 0.97958000
19.50000000 0.97944000
19.60000000 0.97696000
19.70000000 0.97838000
19.80000000 0.97920000
19.90000000 0.97808000
20.00000000 0.97800000
