0.10000000 0.00000000
0.20000000 0.00000000
0.30000000 0.00000000
0.40000000 0.00000000
0.50000000 0.00000000
0.60000000 0.00107975
0.70000000 0.60156283
0.80000000 1.88442036
0.90000000 0.87117383
1.00000000 0.95026219
1.10000000 0.94619390
1.20000000 0.70772645
1.30000000 0.63585584
1.40000000 0.67498401
1.50000000 0.72254815
1.60000000 0.77785843
1.70000000 0.81648950
1.80000000 0.80816025
1.90000000 0.77418554
2.00000000 0.76398001
2.10000000 0.76068836
2.20000000 0.75951944
2.30000000 0.75749575
2.40000000 0.75231503
2.50000000 0.74399161
2.60000000 0.73454165
2.70000000 0.72421975
2.80000000 0.71595365
2.90000000 0.70769465
3.00000000 0.69882187
3.10000000 0.69008755
3.20000000 0.68331807
3.30000000 0.67395029
3.40000000 0.66725873
3.50000000 0.65746875
3.60000000 0.65091632
3.70000000 0.64291503
3.80000000 0.63612285
3.90000000 0.62735095
4.00000000 0.62101466
4.10000000 0.61339589
4.20000000 0.60519595
4.30000000 0.59854254
4.40000000 0.59104331
4.50000000 0.58301133
4.60000000 0.57637475
4.70000000 0.56939829
4.80000000 0.56046737
4.90000000 0.55317195
5.00000000 0.54573786
5.10000000 0.53871237
5.20000000 0.53085767
5.30000000 0.52363695
5.40000000 0.51638985
5.50000000 0.50838416
5.60000000 0.50146139
5.70000000 0.49390459
5.80000000 0.48653426
5.90000000 0.47914808
6.00000000 0.47235155
6.10000000 0.46492795
6.20000000 0.45759806
6.30000000 0.45068761
6.40000000 0.44295021
6.50000000 0.43626924
6.60000000 0.42876081
6.70000000 0.42246650
6.80000000 0.41495162
6.90000000 0.40782315
7.00000000 0.40112581
7.10000000 0.39421189
7.20000000 0.38727337
7.30000000 0.38064200
7.40000000 0.37338625
7.50000000 0.36734085
7.60000000 0.36050214
7.70000000 0.35342316
7.80000000 0.34702434
7.90000000 0.34048429
8.00000000 0.33389443
8.10000000 0.32738803
8.20000000 0.32059247
8.30000000 0.31435113
8.40000000 0.30838263
8.50000000 0.30210826
8.60000000 0.29585363
8.70000000 0.28953083
8.80000000 0.28324220
8.90000000 0.27699375
9.00000000 0.27126726
9.10000000 0.26500419
9.20000000 0.25939115
9.30000000 0.25328598
9.40000000 0.24746934
9.50000000 0.24169263
9.60000000 0.23619434
9.70000000 0.23047311
9.80000000 0.22473598
9.90000000 0.21927404
10.00000000 0.21379262
10.10000000 0.20833528
10.20000000 0.20279716
10.30000000 0.19768353
10.40000000 0.19246416
10.50000000 0.18712908
10.60000000 0.18196912
10.70000000 0.17701691
10.80000000 0.17196418
10.90000000 0.16706474
11.00000000 0.16210282
11.10000000 0.15723089
11.20000000 0.15260132
11.30000000 0.14778845
11.40000000 0.14321426
11.50000000 0.13875987
11.60000000 0.13429480
11.70000000 0.13005761
11.80000000 0.12551579
11.90000000 0.12133889
12.00000000 0.11713551
12.10000000 0.11297891
12.20000000 0.10888168
12.30000000 0.10497977
12.40000000 0.10107453
12.50000000 0.09731047
12.60000000 0.09355188
12.70000000 0.08990507
12.80000000 0.08611795
12.90000000 0.08261936
13.00000000 0.07922478
13.10000000 0.07588967
13.20000000 0.07269158
13.30000000 0.06927420
13.40000000 0.06631459
13.50000000 0.06322537
13.60000000 0.06018850
13.70000000 0.05733116
13.80000000 0.05457179
13.90000000 0.05179810
14.00000000 0.04922755
14.10000000 0.04657985
14.20000000 0.04411152
14.30000000 0.04174852
14.40000000 0.03935499
14.50000000 0.03717372
14.60000000 0.03496483
14.70000000 0.03292125
14.80000000 0.03096536
14.90000000 0.02900752
15.00000000 0.02722431
15.10000000 0.02540790
15.20000000 0.02370747
15.30000000 0.02211758
15.40000000 0.02059089
15.50000000 0.01919596
15.60000000 0.01776734
15.70000000 0.01646436
15.80000000 0.01519138
15.90000000 0.01403054
16.00000000 0.01295099
16.10000000 0.01189042
16.20000000 0.01093937
16.30000000 0.01003741
16.40000000 0.00915702
16.50000000 0.00835661
16.60000000 0.00762225
16.70000000 0.00691883
16.80000000 0.00628286
16.90000000 0.00569311
17.00000000 0.00511741
17.10000000 0.00463202
17.20000000 0.00417746
17.30000000 0.00372903
17.40000000 0.00336032
17.50000000 0.00300629
17.60000000 0.00266831
17.70000000 0.00237481
17.80000000 0.00211271
17.90000000 0.00188385
18.00000000 0.00165610
18.10000000 0.00145935
18.20000000 0.00128964
18.30000000 0.00112418
18.40000000 0.00098705
18.50000000 0.00086760
18.60000000 0.00075153
18.70000000 0.00066144
18.80000000 0.00057518
18.90000000 0.00050043
19.00000000 0.00042675
19.10000000 0.00037157
19.20000000 0.00032121
19.30000000 0.00027458
19.40000000 0.00023884
19.50000000 0.00020468
19.60000000 0.00017318
19.70000000 0.00014864
19.80000000 0.00012814
19.90000000 0.00010840
20.00000000 0.00009193
