0.100000 0.000000
0.200000 0.000000
0.300000 0.000000
0.400000 0.000000
0.500000 0.000000
0.600000 0.000935
0.700000 0.123683
0.800000 0.523992
0.900000 0.860833
1.000000 1.026039
1.100000 1.081627
1.200000 1.068923
1.300000 1.011496
1.400000 0.948222
1.500000 0.900160
1.600000 0.869783
1.700000 0.846437
1.800000 0.829570
1.900000 0.813370
2.000000 0.797141
2.100000 0.781970
2.200000 0.767990
2.300000 0.753752
2.400000 0.743929
2.500000 0.737408
2.600000 0.732713
2.700000 0.727229
2.800000 0.723700
2.900000 0.718344
3.000000 0.711427
3.100000 0.704986
3.200000 0.697479
3.300000 0.690165
3.400000 0.682279
3.500000 0.674548
3.600000 0.666246
3.700000 0.658675
3.800000 0.650517
3.900000 0.642313
4.000000 0.634793
4.100000 0.625881
4.200000 0.618377
4.300000 0.609912
4.400000 0.601876
4.500000 0.594228
4.600000 0.585753
4.700000 0.578583
4.800000 0.570695
4.900000 0.562516
5.000000 0.554943
5.100000 0.547435
5.200000 0.539501
5.300000 0.532130
5.400000 0.524687
5.500000 0.516719
5.600000 0.509650
5.700000 0.501822
5.800000 0.494247
5.900000 0.486849
6.000000 0.479404
6.100000 0.471912
6.200000 0.464590
6.300000 0.457054
6.400000 0.449500
6.500000 0.442434
6.600000 0.435253
6.700000 0.428125
6.800000 0.420708
6.900000 0.413847
7.000000 0.406459
7.100000 0.399302
7.200000 0.392500
7.300000 0.385124
7.400000 0.378313
7.500000 0.371369
7.600000 0.364586
7.700000 0.357847
7.800000 0.350982
7.900000 0.344147
8.000000 0.337595
8.100000 0.331004
8.200000 0.324157
8.300000 0.317782
8.400000 0.311218
8.500000 0.304937
8.600000 0.298456
8.700000 0.292033
8.800000 0.285883
8.900000 0.279626
9.000000 0.273435
9.100000 0.267319
9.200000 0.261284
9.300000 0.255053
9.400000 0.249242
9.500000 0.243292
9.600000 0.237427
9.700000 0.231640
9.800000 0.225987
9.900000 0.220171
10.000000 0.214613
10.100000 0.209123
10.200000 0.203623
10.300000 0.198168
10.400000 0.192914
10.500000 0.187584
10.600000 0.182342
10.700000 0.177295
10.800000 0.172075
10.900000 0.167046
11.000000 0.162135
11.100000 0.157231
11.200000 0.152311
11.300000 0.147569
11.400000 0.142973
11.500000 0.138317
11.600000 0.133795
11.700000 0.129250
11.800000 0.124792
11.900000 0.120531
12.000000 0.116166
12.100000 0.112086
12.200000 0.107907
12.300000 0.103916
12.400000 0.099937
12.500000 0.096128
12.600000 0.092278
12.700000 0.088553
12.800000 0.084924
12.900000 0.081329
13.000000 0.077889
13.100000 0.074460
13.200000 0.071185
13.300000 0.067904
13.400000 0.064775
13.500000 0.061684
13.600000 0.058674
13.700000 0.055788
13.800000 0.053016
13.900000 0.050201
14.000000 0.047619
14.100000 0.045010
14.200000 0.042471
14.300000 0.040089
14.400000 0.037775
14.500000 0.035567
14.600000 0.033409
14.700000 0.031325
14.800000 0.029337
14.900000 0.027441
15.000000 0.025638
15.100000 0.023898
15.200000 0.022221
15.300000 0.020654
15.400000 0.019157
15.500000 0.017731
15.600000 0.016392
15.700000 0.015109
15.800000 0.013912
15.900000 0.012783
16.000000 0.011716
16.100000 0.010710
16.200000 0.009765
16.300000 0.008918
16.400000 0.008084
16.500000 0.007345
16.600000 0.006651
16.700000 0.006007
16.800000 0.005413
16.900000 0.004862
17.000000 0.004364
17.100000 0.003918
17.200000 0.003485
17.300000 0.003105
17.400000 0.002764
17.500000 0.002448
17.600000 0.002172
17.700000 0.001909
17.800000 0.001682
17.900000 0.001477
18.000000 0.001293
18.100000 0.001130
18.200000 0.000990
18.300000 0.000855
18.400000 0.000745
18.500000 0.000646
18.600000 0.000561
18.700000 0.000479
18.800000 0.000414
18.900000 0.000354
19.000000 0.000305
19.100000 0.000258
19.200000 0.000223
19.300000 0.000190
19.400000 0.000163
19.500000 0.000137
19.600000 0.000116
19.700000 0.000099
19.800000 0.000084
19.900000 0.000071
20.000000 0.000060
