0.100000 0.000000
0.200000 0.000000
0.300000 0.000000
0.400000 0.000000
0.500000 0.000000
0.600000 0.000000
0.700000 0.002828
0.800000 0.245484
0.900000 0.850746
1.000000 1.098550
1.100000 1.082762
1.200000 1.005610
1.300000 0.927686
1.400000 0.862342
1.500000 0.815940
1.600000 0.786871
1.700000 0.769053
1.800000 0.750799
1.900000 0.734378
2.000000 0.717715
2.100000 0.703522
2.200000 0.691596
2.300000 0.681871
2.400000 0.674609
2.500000 0.669229
2.600000 0.665010
2.700000 0.662210
2.800000 0.654846
2.900000 0.648623
3.000000 0.640407
3.100000 0.634401
3.200000 0.626890
3.300000 0.619234
3.400000 0.610466
3.500000 0.602611
3.600000 0.595333
3.700000 0.586375
3.800000 0.578666
3.900000 0.571314
4.000000 0.563459
4.100000 0.555255
4.200000 0.547160
4.300000 0.539384
4.400000 0.531412
4.500000 0.523323
4.600000 0.516144
4.700000 0.508421
4.800000 0.500251
4.900000 0.492742
5.000000 0.485270
5.100000 0.477068
5.200000 0.469551
5.300000 0.462795
5.400000 0.454572
5.500000 0.447302
5.600000 0.439184
5.700000 0.432262
5.800000 0.424240
5.900000 0.417464
6.000000 0.410071
6.100000 0.403188
6.200000 0.395683
6.300000 0.388238
6.400000 0.381111
6.500000 0.374178
6.600000 0.367256
6.700000 0.359862
6.800000 0.352817
6.900000 0.346179
7.000000 0.338857
7.100000 0.332164
7.200000 0.324860
7.300000 0.318514
7.400000 0.311947
7.500000 0.305072
7.600000 0.298561
7.700000 0.291988
7.800000 0.285464
7.900000 0.278858
8.000000 0.272903
8.100000 0.266314
8.200000 0.260347
8.300000 0.253739
8.400000 0.247497
8.500000 0.241754
8.600000 0.235430
8.700000 0.229696
8.800000 0.223809
8.900000 0.217805
9.000000 0.212045
9.100000 0.206430
9.200000 0.200759
9.300000 0.195095
9.400000 0.189573
9.500000 0.184198
9.600000 0.178830
9.700000 0.173620
9.800000 0.168262
9.900000 0.162948
10.000000 0.157917
10.100000 0.152814
10.200000 0.147927
10.300000 0.142971
10.400000 0.138291
10.500000 0.133563
10.600000 0.128883
10.700000 0.124406
10.800000 0.119997
10.900000 0.115457
11.000000 0.111198
11.100000 0.106991
11.200000 0.102847
11.300000 0.098682
11.400000 0.094826
11.500000 0.090888
11.600000 0.086989
11.700000 0.083369
11.800000 0.079634
11.900000 0.076161
12.000000 0.072631
12.100000 0.069211
12.200000 0.066038
12.300000 0.062870
12.400000 0.059717
12.500000 0.056711
12.600000 0.053759
12.700000 0.050897
12.800000 0.048129
12.900000 0.045596
13.000000 0.042946
13.100000 0.040544
13.200000 0.038123
13.300000 0.035819
13.400000 0.033612
13.500000 0.031545
13.600000 0.029509
13.700000 0.027596
13.800000 0.025752
13.900000 0.023969
14.000000 0.022285
14.100000 0.020745
14.200000 0.019165
14.300000 0.017769
14.400000 0.016448
14.500000 0.015148
14.600000 0.013940
14.700000 0.012819
14.800000 0.011766
14.900000 0.010770
15.000000 0.009843
15.100000 0.008967
15.200000 0.008185
15.300000 0.007436
15.400000 0.006769
15.500000 0.006119
15.600000 0.005528
15.700000 0.004992
15.800000 0.004499
15.900000 0.004037
16.000000 0.003627
16.100000 0.003242
16.200000 0.002903
16.300000 0.002587
16.400000 0.002298
16.500000 0.002055
16.600000 0.001823
16.700000 0.001611
16.800000 0.001425
16.900000 0.001248
17.000000 0.001104
17.100000 0.000969
17.200000 0.000847
17.300000 0.000746
17.400000 0.000655
17.500000 0.000568
17.600000 0.000492
17.700000 0.000427
17.800000 0.000374
17.900000 0.000323
18.000000 0.000282
18.100000 0.000239
18.200000 0.000206
18.300000 0.000178
18.400000 0.000153
18.500000 0.000129
18.600000 0.000111
18.700000 0.000095
18.800000 0.000082
18.900000 0.000070
19.000000 0.000060
19.100000 0.000052
19.200000 0.000042
19.300000 0.000035
19.400000 0.000031
19.500000 0.000026
19.600000 0.000022
19.700000 0.000018
19.800000 0.000015
19.900000 0.000012
20.000000 0.000011
