0.100000 0.000000
0.200000 0.000000
0.300000 0.000000
0.400000 0.000000
0.500000 0.000000
0.600000 0.000989
0.700000 0.116450
0.800000 0.484106
0.900000 0.785285
1.000000 0.944247
1.100000 1.001216
1.200000 0.987675
1.300000 0.933879
1.400000 0.870119
1.500000 0.825303
1.600000 0.791508
1.700000 0.765229
1.800000 0.748935
1.900000 0.735152
2.000000 0.721938
2.100000 0.711305
2.200000 0.698139
2.300000 0.686213
2.400000 0.677280
2.500000 0.669796
2.600000 0.664569
2.700000 0.659730
2.800000 0.654363
2.900000 0.648322
3.000000 0.641268
3.100000 0.634141
3.200000 0.627395
3.300000 0.618761
3.400000 0.611468
3.500000 0.603244
3.600000 0.595174
3.700000 0.587619
3.800000 0.579600
3.900000 0.571242
4.000000 0.563514
4.100000 0.555513
4.200000 0.547627
4.300000 0.539732
4.400000 0.531340
4.500000 0.523691
4.600000 0.516273
4.700000 0.508232
4.800000 0.500526
4.900000 0.492520
5.000000 0.485348
5.100000 0.477712
5.200000 0.469949
5.300000 0.462523
5.400000 0.454605
5.500000 0.447344
5.600000 0.440045
5.700000 0.432347
5.800000 0.424746
5.900000 0.417425
6.000000 0.410356
6.100000 0.402616
6.200000 0.395879
6.300000 0.388694
6.400000 0.381260
6.500000 0.374098
6.600000 0.367129
6.700000 0.359962
6.800000 0.352967
6.900000 0.346240
7.000000 0.338964
7.100000 0.332230
7.200000 0.325110
7.300000 0.318481
7.400000 0.311710
7.500000 0.305146
7.600000 0.298521
7.700000 0.292091
7.800000 0.285400
7.900000 0.279255
8.000000 0.272875
8.100000 0.266357
8.200000 0.260161
8.300000 0.253926
8.400000 0.247759
8.500000 0.241652
8.600000 0.235547
8.700000 0.229504
8.800000 0.223801
8.900000 0.217840
9.000000 0.212007
9.100000 0.206561
9.200000 0.200617
9.300000 0.195322
9.400000 0.189532
9.500000 0.184240
9.600000 0.178776
9.700000 0.173408
9.800000 0.168269
9.900000 0.163073
10.000000 0.157787
10.100000 0.152841
10.200000 0.147915
10.300000 0.143033
10.400000 0.138193
10.500000 0.133470
10.600000 0.128779
10.700000 0.124417
10.800000 0.119883
10.900000 0.115439
11.000000 0.111162
11.100000 0.106993
11.200000 0.102811
11.300000 0.098771
11.400000 0.094763
11.500000 0.090811
11.600000 0.086985
11.700000 0.083215
11.800000 0.079555
11.900000 0.076019
12.000000 0.072581
12.100000 0.069170
12.200000 0.065928
12.300000 0.062745
12.400000 0.059671
12.500000 0.056662
12.600000 0.053710
12.700000 0.050851
12.800000 0.048145
12.900000 0.045505
13.000000 0.042890
13.100000 0.040473
13.200000 0.038071
13.300000 0.035796
13.400000 0.033617
13.500000 0.031478
13.600000 0.029484
13.700000 0.027538
13.800000 0.025745
13.900000 0.023925
14.000000 0.022293
14.100000 0.020699
14.200000 0.019216
14.300000 0.017745
14.400000 0.016410
14.500000 0.015124
14.600000 0.013933
14.700000 0.012821
14.800000 0.011733
14.900000 0.010780
15.000000 0.009843
15.100000 0.008977
15.200000 0.008179
15.300000 0.007437
15.400000 0.006763
15.500000 0.006138
15.600000 0.005539
15.700000 0.005011
15.800000 0.004500
15.900000 0.004044
16.000000 0.003638
16.100000 0.003247
16.200000 0.002915
16.300000 0.002599
16.400000 0.002320
16.500000 0.002057
16.600000 0.001831
16.700000 0.001616
16.800000 0.001436
16.900000 0.001264
17.000000 0.001111
17.100000 0.000978
17.200000 0.000858
17.300000 0.000751
17.400000 0.000655
17.500000 0.000574
17.600000 0.000497
17.700000 0.000433
17.800000 0.000379
17.900000 0.000325
18.000000 0.000281
18.100000 0.000244
18.200000 0.000208
18.300000 0.000180
18.400000 0.000154
18.500000 0.000132
18.600000 0.000115
18.700000 0.000098
18.800000 0.000084
18.900000 0.000071
19.000000 0.000060
19.100000 0.000051
19.200000 0.000043
19.300000 0.000037
19.400000 0.000031
19.500000 0.000026
19.600000 0.000022
19.700000 0.000018
19.800000 0.000016
19.900000 0.000013
20.000000 0.000011
