0.10000000 0.00000000
0.20000000 0.00000000
0.30000000 0.00000000
0.40000000 0.00000000
0.50000000 0.02895136
0.60000000 0.47901290
0.70000000 1.15391906
0.80000000 1.32548730
0.90000000 0.76514294
1.00000000 0.90222699
1.10000000 0.94823768
1.20000000 0.75612248
1.30000000 0.68548390
1.40000000 0.69973709
1.50000000 0.71102228
1.60000000 0.72748828
1.70000000 0.75262854
1.80000000 0.75932739
1.90000000 0.75617538
2.00000000 0.75792782
2.10000000 0.75891733
2.20000000 0.75046787
2.30000000 0.74355856
2.40000000 0.73368591
2.50000000 0.72258567
2.60000000 0.71321878
2.70000000 0.70362120
2.80000000 0.69401927
2.90000000 0.68480413
3.00000000 0.67586591
3.10000000 0.66672945
3.20000000 0.65703305
3.30000000 0.64811456
3.40000000 0.63901438
3.50000000 0.62983181
3.60000000 0.62210429
3.70000000 0.61276494
3.80000000 0.60515114
3.90000000 0.59699578
4.00000000 0.58809988
4.10000000 0.58010010
4.20000000 0.57167991
4.30000000 0.56287468
4.40000000 0.55535095
4.50000000 0.54729216
4.60000000 0.53743223
4.70000000 0.53040751
4.80000000 0.52179933
4.90000000 0.51357298
5.00000000 0.50623298
5.10000000 0.49692323
5.20000000 0.48923994
5.30000000 0.48122478
5.40000000 0.47233120
5.50000000 0.46408674
5.60000000 0.45633026
5.70000000 0.44871773
5.80000000 0.44048077
5.90000000 0.43283316
6.00000000 0.42472504
6.10000000 0.41701635
6.20000000 0.40914811
6.30000000 0.40125833
6.40000000 0.39344227
6.50000000 0.38583353
6.60000000 0.37835546
6.70000000 0.37077156
6.80000000 0.36365872
6.90000000 0.35639873
7.00000000 0.34873417
7.10000000 0.34122278
7.20000000 0.33444084
7.30000000 0.32671602
7.40000000 0.31994233
7.50000000 0.31260296
7.60000000 0.30542041
7.70000000 0.29881603
7.80000000 0.29160456
7.90000000 0.28472664
8.00000000 0.27813607
8.10000000 0.27095495
8.20000000 0.26469482
8.30000000 0.25830148
8.40000000 0.25186855
8.50000000 0.24542992
8.60000000 0.23883241
8.70000000 0.23258710
8.80000000 0.22625780
8.90000000 0.21995937
9.00000000 0.21410930
9.10000000 0.20785424
9.20000000 0.20205951
9.30000000 0.19611367
9.40000000 0.19022619
9.50000000 0.18454949
9.60000000 0.17895165
9.70000000 0.17345777
9.80000000 0.16767906
9.90000000 0.16238710
10.00000000 0.15714690
10.10000000 0.15194918
10.20000000 0.14676683
10.30000000 0.14158978
10.40000000 0.13691133
10.50000000 0.13159122
10.60000000 0.12692725
10.70000000 0.12209689
10.80000000 0.11759019
10.90000000 0.11286292
11.00000000 0.10832467
11.10000000 0.10405770
11.20000000 0.09967945
11.30000000 0.09553610
11.40000000 0.09143889
11.50000000 0.08752480
11.60000000 0.08348451
11.70000000 0.07977643
11.80000000 0.07616994
11.90000000 0.07259061
12.00000000 0.06910392
12.10000000 0.06566682
12.20000000 0.06235240
12.30000000 0.05913953
12.40000000 0.05595200
12.50000000 0.05294792
12.60000000 0.05005241
12.70000000 0.04717641
12.80000000 0.04448931
12.90000000 0.04186025
13.00000000 0.03941955
13.10000000 0.03700092
13.20000000 0.03468265
13.30000000 0.03243941
13.40000000 0.03035940
13.50000000 0.02825434
13.60000000 0.02637358
13.70000000 0.02451069
13.80000000 0.02273686
13.90000000 0.02110844
14.00000000 0.01954234
14.10000000 0.01800637
14.20000000 0.01662256
14.30000000 0.01535134
14.40000000 0.01409126
14.50000000 0.01291132
14.60000000 0.01183501
14.70000000 0.01080296
14.80000000 0.00986207
14.90000000 0.00899911
15.00000000 0.00815506
15.10000000 0.00742885
15.20000000 0.00673670
15.30000000 0.00606931
15.40000000 0.00549399
15.50000000 0.00492498
15.60000000 0.00445178
15.70000000 0.00399385
15.80000000 0.00357287
15.90000000 0.00320063
16.00000000 0.00282501
16.10000000 0.00253490
16.20000000 0.00223683
16.30000000 0.00198370
16.40000000 0.00175706
16.50000000 0.00153567
16.60000000 0.00136651
16.70000000 0.00118425
16.80000000 0.00104252
16.90000000 0.00091530
17.00000000 0.00080796
17.10000000 0.00069549
17.20000000 0.00060563
17.30000000 0.00052831
17.40000000 0.00045234
17.50000000 0.00039449
17.60000000 0.00034016
17.70000000 0.00029398
17.80000000 0.00025530
17.90000000 0.00021801
18.00000000 0.00018743
18.10000000 0.00016008
18.20000000 0.00013604
18.30000000 0.00011720
18.40000000 0.00009811
18.50000000 0.00008227
18.60000000 0.00007233
18.70000000 0.00005871
18.80000000 0.00004967
18.90000000 0.00004296
19.00000000 0.00003598
19.10000000 0.00002930
19.20000000 0.00002532
19.30000000 0.00002060
19.40000000 0.00001677
19.50000000 0.00001482
19.60000000 0.00001099
19.70000000 0.00000942
19.80000000 0.00000795
19.90000000 0.00000649
20.00000000 0.00000525
