0.10000000 0.00000000
0.20000000 0.00000000
0.30000000 0.00000000
0.40000000 0.00000000
0.50000000 0.00000000
0.60000000 0.22470000
0.70000000 142.97106000
0.80000000 450.78498000
0.90000000 58.80670000
1.00000000 65.73100000
1.10000000 77.19404000
1.20000000 35.22086000
1.30000000 20.53748000
1.40000000 23.15506000
1.50000000 26.78898000
1.60000000 29.78288000
1.70000000 29.19606000
1.80000000 21.87240000
1.90000000 11.07560000
2.00000000 6.93830000
2.10000000 6.49940000
2.20000000 6.13238000
2.30000000 5.48244000
2.40000000 4.41798000
2.50000000 3.21750000
2.60000000 2.27808000
2.70000000 1.87716000
2.80000000 1.77704000
2.90000000 1.69162000
3.00000000 1.60746000
3.10000000 1.55644000
3.20000000 1.49468000
3.30000000 1.45184000
3.40000000 1.37016000
3.50000000 1.33772000
3.60000000 1.29060000
3.70000000 1.26098000
3.80000000 1.24884000
3.90000000 1.21148000
4.00000000 1.17874000
4.10000000 1.16774000
4.20000000 1.14182000
4.30000000 1.13180000
4.40000000 1.10926000
4.50000000 1.10350000
4.60000000 1.09158000
4.70000000 1.08808000
4.80000000 1.06866000
4.90000000 1.05898000
5.00000000 1.06294000
5.10000000 1.05478000
5.20000000 1.04424000
5.30000000 1.02580000
5.40000000 1.04262000
5.50000000 1.03222000
5.60000000 1.02666000
5.70000000 1.02552000
5.80000000 1.02344000
5.90000000 1.01904000
6.00000000 1.01312000
6.10000000 1.01048000
6.20000000 1.00718000
6.30000000 1.01064000
6.40000000 1.00926000
6.50000000 1.00682000
6.60000000 0.99796000
6.70000000 1.00730000
6.80000000 0.99616000
6.90000000 1.00426000
7.00000000 1.00334000
7.10000000 0.99748000
7.20000000 0.99800000
7.30000000 1.00570000
7.40000000 1.00338000
7.50000000 0.99968000
7.60000000 0.99588000
7.70000000 1.00420000
7.80000000 1.00256000
7.90000000 0.99850000
8.00000000 0.99598000
8.10000000 0.99622000
8.20000000 0.99602000
8.30000000 0.99434000
8.40000000 1.00568000
8.50000000 1.00086000
8.60000000 0.99908000
8.70000000 0.99918000
8.80000000 0.99780000
8.90000000 0.99610000
9.00000000 1.00402000
9.10000000 0.99862000
9.20000000 0.99124000
9.30000000 0.99778000
9.40000000 1.00192000
9.50000000 1.00120000
9.60000000 1.00056000
9.70000000 0.99648000
9.80000000 0.99274000
9.90000000 0.99410000
10.00000000 1.00072000
10.10000000 0.99798000
10.20000000 0.99914000
10.30000000 0.99524000
10.40000000 0.99624000
10.50000000 0.99652000
10.60000000 0.99570000
10.70000000 0.99916000
10.80000000 0.99752000
10.90000000 0.99892000
11.00000000 0.99946000
11.10000000 0.99590000
11.20000000 0.99562000
11.30000000 1.00154000
11.40000000 1.00126000
11.50000000 1.00174000
11.60000000 1.00024000
11.70000000 0.99888000
11.80000000 0.99974000
11.90000000 0.99668000
12.00000000 1.00052000
12.10000000 0.99628000
12.20000000 1.00106000
12.30000000 0.99508000
12.40000000 0.99692000
12.50000000 0.99874000
12.60000000 1.00258000
12.70000000 0.99576000
12.80000000 0.99654000
12.90000000 1.00210000
13.00000000 0.99984000
13.10000000 1.00086000
13.20000000 0.99942000
13.30000000 0.99882000
13.40000000 1.00152000
13.50000000 1.00210000
13.60000000 1.00004000
13.70000000 1.00088000
13.80000000 1.00110000
13.90000000 0.99904000
14.00000000 1.00226000
14.10000000 1.00170000
14.20000000 0.99948000
14.30000000 1.00134000
14.40000000 1.00148000
14.50000000 0.99818000
14.60000000 0.99770000
14.70000000 0.99932000
14.80000000 1.00128000
14.90000000 0.99386000
15.00000000 0.99824000
15.10000000 0.99902000
15.20000000 1.00092000
15.30000000 0.99590000
15.40000000 0.99964000
15.50000000 0.99690000
15.60000000 1.00076000
15.70000000 0.99626000
15.80000000 0.99802000
15.90000000 0.99866000
16.00000000 1.00258000
16.10000000 0.99750000
16.20000000 0.99928000
16.30000000 0.99666000
16.40000000 1.00300000
16.50000000 0.99926000
16.60000000 0.99980000
16.70000000 0.99952000
16.80000000 0.99870000
16.90000000 1.00104000
17.00000000 1.00012000
17.10000000 1.00300000
17.20000000 0.99792000
17.30000000 0.99944000
17.40000000 1.00224000
17.50000000 0.99682000
17.60000000 1.00110000
17.70000000 1.00312000
17.80000000 1.00046000
17.90000000 0.99976000
18.00000000 1.00100000
18.10000000 0.99732000
18.20000000 0.99736000
18.30000000 1.00044000
18.40000000 0.99768000
18.50000000 1.00068000
18.60000000 0.99684000
18.70000000 0.99836000
18.80000000 0.99828000
18.90000000 0.99812000
19.00000000 0.99730000
19.10000000 0.99746000
19.20000000 0.99738000
19.30000000 0.99778000
19.40000000 0.99598000
19.50000000 0.99790000
19.60000000 0.99464000
19.70000000 0.99514000
19.80000000 0.99810000
19.90000000 0.99890000
20.00000000 0.99640000
