0.10000000 0.00000000
0.20000000 0.00000000
0.30000000 0.00000000
0.40000000 0.00000000
0.50000000 0.00000000
0.60000000 0.00181960
0.70000000 0.72558866
0.80000000 2.20740169
0.90000000 0.83040221
1.00000000 0.86699994
1.10000000 0.87189295
1.20000000 0.66804509
1.30000000 0.62017109
1.40000000 0.64722553
1.50000000 0.69709857
1.60000000 0.74652096
1.70000000 0.78254029
1.80000000 0.78895686
1.90000000 0.76849577
2.00000000 0.75939619
2.10000000 0.75586579
2.20000000 0.75082196
2.30000000 0.74591825
2.40000000 0.73630420
2.50000000 0.72379828
2.60000000 0.71328984
2.70000000 0.70260397
2.80000000 0.69285002
2.90000000 0.68422578
3.00000000 0.67461705
3.10000000 0.66549736
3.20000000 0.65769425
3.30000000 0.64610865
3.40000000 0.63886184
3.50000000 0.63086960
3.60000000 0.62201939
3.70000000 0.61297005
3.80000000 0.60482459
3.90000000 0.59738745
4.00000000 0.58668193
4.10000000 0.57822167
4.20000000 0.57155265
4.30000000 0.56406261
4.40000000 0.55370960
4.50000000 0.54659188
4.60000000 0.53788089
4.70000000 0.52902202
4.80000000 0.52173603
4.90000000 0.51250132
5.00000000 0.50451722
5.10000000 0.49699668
5.20000000 0.48841209
5.30000000 0.48054156
5.40000000 0.47238027
5.50000000 0.46410362
5.60000000 0.45569739
5.70000000 0.44822446
5.80000000 0.44089650
5.90000000 0.43302664
6.00000000 0.42434848
6.10000000 0.41613028
6.20000000 0.40914473
6.30000000 0.40151367
6.40000000 0.39347214
6.50000000 0.38575929
6.60000000 0.37817865
6.70000000 0.37064277
6.80000000 0.36313138
6.90000000 0.35634914
7.00000000 0.34824848
7.10000000 0.34128645
7.20000000 0.33407317
7.30000000 0.32653973
7.40000000 0.31983019
7.50000000 0.31246550
7.60000000 0.30556436
7.70000000 0.29869553
7.80000000 0.29104045
7.90000000 0.28497080
8.00000000 0.27827815
8.10000000 0.27090040
8.20000000 0.26493564
8.30000000 0.25822205
8.40000000 0.25179010
8.50000000 0.24499615
8.60000000 0.23878018
8.70000000 0.23222762
8.80000000 0.22628747
8.90000000 0.22015063
9.00000000 0.21411095
9.10000000 0.20778356
9.20000000 0.20211541
9.30000000 0.19584651
9.40000000 0.19002480
9.50000000 0.18474957
9.60000000 0.17906469
9.70000000 0.17319684
9.80000000 0.16796910
9.90000000 0.16275217
10.00000000 0.15696892
10.10000000 0.15197428
10.20000000 0.14693922
10.30000000 0.14182231
10.40000000 0.13671647
10.50000000 0.13177554
10.60000000 0.12699065
10.70000000 0.12214206
10.80000000 0.11771909
10.90000000 0.11291440
11.00000000 0.10846378
11.10000000 0.10395246
11.20000000 0.09993952
11.30000000 0.09570658
11.40000000 0.09165465
11.50000000 0.08764996
11.60000000 0.08382002
11.70000000 0.07992173
11.80000000 0.07617354
11.90000000 0.07264576
12.00000000 0.06903177
12.10000000 0.06582773
12.20000000 0.06244566
12.30000000 0.05926927
12.40000000 0.05598437
12.50000000 0.05304257
12.60000000 0.05029004
12.70000000 0.04726247
12.80000000 0.04460126
12.90000000 0.04198270
13.00000000 0.03953983
13.10000000 0.03698524
13.20000000 0.03468437
13.30000000 0.03255151
13.40000000 0.03048073
13.50000000 0.02832370
13.60000000 0.02641245
13.70000000 0.02451181
13.80000000 0.02279602
13.90000000 0.02117556
14.00000000 0.01956586
14.10000000 0.01810590
14.20000000 0.01664826
14.30000000 0.01530433
14.40000000 0.01409367
14.50000000 0.01293672
14.60000000 0.01188153
14.70000000 0.01084010
14.80000000 0.00986526
14.90000000 0.00898925
15.00000000 0.00815675
15.10000000 0.00743207
15.20000000 0.00670976
15.30000000 0.00605412
15.40000000 0.00544140
15.50000000 0.00492126
15.60000000 0.00440710
15.70000000 0.00395157
15.80000000 0.00355003
15.90000000 0.00317002
16.00000000 0.00281417
16.10000000 0.00249907
16.20000000 0.00220287
16.30000000 0.00196614
16.40000000 0.00174138
16.50000000 0.00153267
16.60000000 0.00134734
16.70000000 0.00117896
16.80000000 0.00102252
16.90000000 0.00090427
17.00000000 0.00077750
17.10000000 0.00069537
17.20000000 0.00059419
17.30000000 0.00051781
17.40000000 0.00044645
17.50000000 0.00038736
17.60000000 0.00032917
17.70000000 0.00028940
17.80000000 0.00024540
17.90000000 0.00020987
18.00000000 0.00018076
18.10000000 0.00015945
18.20000000 0.00012846
18.30000000 0.00011079
18.40000000 0.00009642
18.50000000 0.00008141
18.60000000 0.00006817
18.70000000 0.00005815
18.80000000 0.00004851
18.90000000 0.00004232
19.00000000 0.00003298
19.10000000 0.00002971
19.20000000 0.00002397
19.30000000 0.00002060
19.40000000 0.00001639
19.50000000 0.00001354
19.60000000 0.00001088
19.70000000 0.00000908
19.80000000 0.00000788
19.90000000 0.00000638
20.00000000 0.00000476
