0.100000 0.000000
0.200000 0.000000
0.300000 0.000000
0.400000 0.000000
0.500000 0.000000
0.600000 0.228740
0.700000 141.889380
0.800000 444.043840
0.900000 56.925060
1.000000 63.472600
1.100000 75.183260
1.200000 33.245180
1.300000 18.849700
1.400000 21.608740
1.500000 25.208040
1.600000 28.143460
1.700000 27.429700
1.800000 20.155140
1.900000 9.572120
2.000000 5.511700
2.100000 5.056640
2.200000 4.853720
2.300000 4.181000
2.400000 3.329060
2.500000 2.203540
2.600000 1.355020
2.700000 1.070860
2.800000 1.041480
2.900000 1.035320
3.000000 1.021320
3.100000 1.016220
3.200000 1.022520
3.300000 1.014600
3.400000 1.002340
3.500000 1.029920
3.600000 1.007720
3.700000 0.995520
3.800000 0.984220
3.900000 1.009480
4.000000 1.001120
4.100000 0.972360
4.200000 1.004240
4.300000 0.984120
4.400000 0.988180
4.500000 0.992300
4.600000 0.988400
4.700000 0.989280
4.800000 0.995240
4.900000 1.000040
5.000000 1.000820
5.100000 0.980760
5.200000 0.987560
5.300000 0.995780
5.400000 0.983920
5.500000 0.997840
5.600000 0.995260
5.700000 0.993640
5.800000 0.989540
5.900000 0.989540
6.000000 0.982460
6.100000 0.986980
6.200000 0.990580
6.300000 0.992000
6.400000 0.993380
6.500000 0.998460
6.600000 0.997220
6.700000 0.985540
6.800000 0.988300
6.900000 0.987680
7.000000 1.001260
7.100000 0.996780
7.200000 0.991300
7.300000 0.984140
7.400000 0.992740
7.500000 0.992080
7.600000 0.994940
7.700000 0.988100
7.800000 0.990000
7.900000 0.993140
8.000000 1.000200
8.100000 0.989080
8.200000 1.003100
8.300000 0.996420
8.400000 0.994520
8.500000 1.001780
8.600000 0.996480
8.700000 0.990320
8.800000 0.989500
8.900000 0.998080
9.000000 0.997620
9.100000 0.996440
9.200000 0.999520
9.300000 0.994400
9.400000 0.996600
9.500000 1.001080
9.600000 1.002020
9.700000 0.994680
9.800000 1.000740
9.900000 1.000840
10.000000 0.989960
10.100000 1.000840
10.200000 1.005920
10.300000 1.001680
10.400000 0.994820
10.500000 0.995940
10.600000 0.991820
10.700000 0.998380
10.800000 0.999860
10.900000 0.995360
11.000000 0.998160
11.100000 0.994420
11.200000 0.994660
11.300000 0.997880
11.400000 0.998820
11.500000 0.997840
11.600000 1.005280
11.700000 0.998460
11.800000 1.002100
11.900000 1.002400
12.000000 0.998900
12.100000 0.993040
12.200000 1.002480
12.300000 0.996840
12.400000 1.001200
12.500000 1.002600
12.600000 1.000480
12.700000 1.003160
12.800000 0.995300
12.900000 0.998260
13.000000 0.996320
13.100000 1.000520
13.200000 0.994880
13.300000 0.995580
13.400000 0.996260
13.500000 0.992900
13.600000 1.001400
13.700000 0.998000
13.800000 0.994100
13.900000 0.997120
14.000000 0.993620
14.100000 0.993880
14.200000 1.000400
14.300000 0.994360
14.400000 0.996500
14.500000 0.992620
14.600000 0.995860
14.700000 0.998060
14.800000 0.994740
14.900000 0.997180
15.000000 0.995640
15.100000 0.994900
15.200000 0.996680
15.300000 0.994980
15.400000 0.995620
15.500000 1.001920
15.600000 0.995920
15.700000 0.993920
15.800000 0.989300
15.900000 0.997260
16.000000 0.993800
16.100000 0.991840
16.200000 0.994800
16.300000 0.999720
16.400000 0.998700
16.500000 0.995280
16.600000 0.997860
16.700000 0.998660
16.800000 0.999460
16.900000 0.996860
17.000000 0.993520
17.100000 0.996540
17.200000 0.994700
17.300000 0.996740
17.400000 0.997860
17.500000 0.997360
17.600000 0.995180
17.700000 1.003980
17.800000 1.000140
17.900000 0.996160
18.000000 0.997120
18.100000 0.995240
18.200000 0.998880
18.300000 1.003580
18.400000 1.004020
18.500000 1.002720
18.600000 0.994160
18.700000 1.000900
18.800000 0.998120
18.900000 0.998520
19.000000 1.000440
19.100000 1.001440
19.200000 0.999360
19.300000 0.996800
19.400000 1.001400
19.500000 0.999360
19.600000 1.000800
19.700000 0.998000
19.800000 1.000120
19.900000 0.998760
20.000000 0.998660
