0.10000000 0.00000000
0.20000000 0.00000000
0.30000000 0.00000000
0.40000000 0.00000000
0.50000000 0.00000000
0.60000000 0.00000000
0.70000000 0.05536000
0.80000000 6.15670000
0.90000000 24.42866000
1.00000000 34.49788000
1.10000000 35.65584000
1.20000000 33.17054000
1.30000000 29.85564000
1.40000000 26.51122000
1.50000000 23.66470000
1.60000000 21.17708000
1.70000000 18.80528000
1.80000000 16.70148000
1.90000000 14.79430000
2.00000000 13.15286000
2.10000000 11.58410000
2.20000000 10.40586000
2.30000000 9.30404000
2.40000000 8.32376000
2.50000000 7.45850000
2.60000000 6.74156000
2.70000000 6.10124000
2.80000000 5.52030000
2.90000000 4.99592000
3.00000000 4.56180000
3.10000000 4.16338000
3.20000000 3.79402000
3.30000000 3.49532000
3.40000000 3.22812000
3.50000000 2.96104000
3.60000000 2.74290000
3.70000000 2.52608000
3.80000000 2.39246000
3.90000000 2.23042000
4.00000000 2.08248000
4.10000000 1.97372000
4.20000000 1.86294000
4.30000000 1.76526000
4.40000000 1.67306000
4.50000000 1.60012000
4.60000000 1.52974000
4.70000000 1.46732000
4.80000000 1.41376000
4.90000000 1.36442000
5.00000000 1.31806000
5.10000000 1.27792000
5.20000000 1.25134000
5.30000000 1.21894000
5.40000000 1.18960000
5.50000000 1.15938000
5.60000000 1.14202000
5.70000000 1.12488000
5.80000000 1.11680000
5.90000000 1.09104000
6.00000000 1.07924000
6.10000000 1.07374000
6.20000000 1.05938000
6.30000000 1.05186000
6.40000000 1.04250000
6.50000000 1.03766000
6.60000000 1.03010000
6.70000000 1.03056000
6.80000000 1.02624000
6.90000000 1.01518000
7.00000000 1.01540000
7.10000000 1.01964000
7.20000000 1.01260000
7.30000000 1.00740000
7.40000000 1.01298000
7.50000000 1.00316000
7.60000000 1.00946000
7.70000000 1.00524000
7.80000000 1.00470000
7.90000000 1.00392000
8.00000000 1.00182000
8.10000000 1.00380000
8.20000000 0.99932000
8.30000000 1.00264000
8.40000000 0.99518000
8.50000000 1.00002000
8.60000000 0.99380000
8.70000000 0.99490000
8.80000000 0.99330000
8.90000000 0.99660000
9.00000000 0.99676000
9.10000000 0.99266000
9.20000000 0.99342000
9.30000000 0.99368000
9.40000000 0.99660000
9.50000000 0.99194000
9.60000000 0.99302000
9.70000000 0.99494000
9.80000000 0.99138000
9.90000000 0.99530000
10.00000000 0.99352000
10.10000000 0.99192000
10.20000000 0.99044000
10.30000000 0.99100000
10.40000000 0.99332000
10.50000000 0.99016000
10.60000000 0.99062000
10.70000000 0.98896000
10.80000000 0.98986000
10.90000000 0.99156000
11.00000000 0.99154000
11.10000000 0.98716000
11.20000000 0.98966000
11.30000000 0.99134000
11.40000000 0.98634000
11.50000000 0.98884000
11.60000000 0.98980000
11.70000000 0.98956000
11.80000000 0.98786000
11.90000000 0.98746000
12.00000000 0.99204000
12.10000000 0.99222000
12.20000000 0.99594000
12.30000000 0.98980000
12.40000000 0.99394000
12.50000000 0.99512000
12.60000000 0.99350000
12.70000000 0.99562000
12.80000000 0.99132000
12.90000000 0.99800000
13.00000000 0.99640000
13.10000000 0.99290000
13.20000000 0.99626000
13.30000000 0.99356000
13.40000000 0.99664000
13.50000000 0.99366000
13.60000000 0.99586000
13.70000000 0.99398000
13.80000000 0.99582000
13.90000000 0.99584000
14.00000000 0.99406000
14.10000000 0.99626000
14.20000000 0.99578000
14.30000000 0.99280000
14.40000000 0.99842000
14.50000000 0.99756000
14.60000000 0.99754000
14.70000000 0.99712000
14.80000000 0.99548000
14.90000000 0.99784000
15.00000000 0.99900000
15.10000000 0.99554000
15.20000000 0.99624000
15.30000000 0.99486000
15.40000000 0.99642000
15.50000000 0.99808000
15.60000000 0.99810000
15.70000000 0.99870000
15.80000000 1.00132000
15.90000000 1.00142000
16.00000000 1.00136000
16.10000000 0.99856000
16.20000000 1.00008000
16.30000000 0.99860000
16.40000000 1.00136000
16.50000000 1.00154000
16.60000000 0.99842000
16.70000000 0.99688000
16.80000000 0.99910000
16.90000000 0.99722000
17.00000000 0.99646000
17.10000000 0.99920000
17.20000000 0.99538000
17.30000000 0.99720000
17.40000000 0.99778000
17.50000000 0.99784000
17.60000000 0.99866000
17.70000000 0.99986000
17.80000000 1.00032000
17.90000000 1.00030000
18.00000000 1.00110000
18.10000000 0.99830000
18.20000000 0.99928000
18.30000000 0.99770000
18.40000000 0.99906000
18.50000000 0.99590000
18.60000000 0.99834000
18.70000000 0.99790000
18.80000000 0.99778000
18.90000000 0.99810000
19.00000000 0.99856000
19.10000000 0.99776000
19.20000000 1.00018000
19.30000000 0.99872000
19.40000000 0.99966000
19.50000000 0.99850000
19.60000000 0.99780000
19.70000000 0.99844000
19.80000000 1.00140000
19.90000000 0.99644000
20.00000000 0.99828000
