0.100000 0.000000
0.200000 0.000000
0.300000 0.000000
0.400000 0.000000
0.500000 0.000000
0.600000 0.255660
0.700000 18.258100
0.800000 26.027100
0.900000 29.310880
1.000000 30.420160
1.100000 28.508240
1.200000 25.690660
1.300000 22.625300
1.400000 19.682360
1.500000 17.404020
1.600000 15.398040
1.700000 13.705360
1.800000 12.256240
1.900000 11.082700
2.000000 10.042080
2.100000 9.011200
2.200000 8.151120
2.300000 7.314780
2.400000 6.580580
2.500000 5.926800
2.600000 5.331740
2.700000 4.817140
2.800000 4.350260
2.900000 3.915380
3.000000 3.526760
3.100000 3.193100
3.200000 2.874880
3.300000 2.583220
3.400000 2.329640
3.500000 2.097840
3.600000 1.894740
3.700000 1.708540
3.800000 1.534140
3.900000 1.384140
4.000000 1.242860
4.100000 1.113660
4.200000 0.999200
4.300000 0.899540
4.400000 0.808140
4.500000 0.719480
4.600000 0.645940
4.700000 0.577700
4.800000 0.513760
4.900000 0.457520
5.000000 0.407600
5.100000 0.361700
5.200000 0.321240
5.300000 0.284180
5.400000 0.251360
5.500000 0.220240
5.600000 0.195340
5.700000 0.171180
5.800000 0.150740
5.900000 0.131760
6.000000 0.115000
6.100000 0.100860
6.200000 0.087820
6.300000 0.076880
6.400000 0.066260
6.500000 0.056580
6.600000 0.049300
6.700000 0.041400
6.800000 0.036000
6.900000 0.030960
7.000000 0.025900
7.100000 0.022080
7.200000 0.018560
7.300000 0.015620
7.400000 0.013100
7.500000 0.010900
7.600000 0.009000
7.700000 0.007400
7.800000 0.006060
7.900000 0.005100
8.000000 0.004120
8.100000 0.003300
8.200000 0.002660
8.300000 0.002100
8.400000 0.001700
8.500000 0.001320
8.600000 0.001120
8.700000 0.000880
8.800000 0.000660
8.900000 0.000500
9.000000 0.000420
9.100000 0.000300
9.200000 0.000220
9.300000 0.000200
9.400000 0.000120
9.500000 0.000100
9.600000 0.000100
9.700000 0.000040
9.800000 0.000000
9.900000 0.000000
10.000000 0.000000
10.100000 0.000000
10.200000 0.000000
10.300000 0.000000
10.400000 0.000000
10.500000 0.000000
10.600000 0.000000
10.700000 0.000000
10.800000 0.000000
10.900000 0.000000
11.000000 0.000000
11.100000 0.000000
11.200000 0.000000
11.300000 0.000000
11.400000 0.000000
11.500000 0.000000
11.600000 0.000000
11.700000 0.000000
11.800000 0.000000
11.900000 0.000000
12.000000 0.000000
12.100000 0.000000
12.200000 0.000000
12.300000 0.000000
12.400000 0.000000
12.500000 0.000000
12.600000 0.000000
12.700000 0.000000
12.800000 0.000000
12.900000 0.000000
13.000000 0.000000
13.100000 0.000000
13.200000 0.000000
13.300000 0.000000
13.400000 0.000000
13.500000 0.000000
13.600000 0.000000
13.700000 0.000000
13.800000 0.000000
13.900000 0.000000
14.000000 0.000000
14.100000 0.000000
14.200000 0.000000
14.300000 0.000000
14.400000 0.000000
14.500000 0.000000
14.600000 0.000000
14.700000 0.000000
14.800000 0.000000
14.900000 0.000000
15.000000 0.000000
15.100000 0.000000
15.200000 0.000000
15.300000 0.000000
15.400000 0.000000
15.500000 0.000000
15.600000 0.000000
15.700000 0.000000
15.800000 0.000000
15.900000 0.000000
16.000000 0.000000
16.100000 0.000000
16.200000 0.000000
16.300000 0.000000
16.400000 0.000000
16.500000 0.000000
16.600000 0.000000
16.700000 0.000000
16.800000 0.000000
16.900000 0.000000
17.000000 0.000000
17.100000 0.000000
17.200000 0.000000
17.300000 0.000000
17.400000 0.000000
17.500000 0.000000
17.600000 0.000000
17.700000 0.000000
17.800000 0.000000
17.900000 0.000000
18.000000 0.000000
18.100000 0.000000
18.200000 0.000000
18.300000 0.000000
18.400000 0.000000
18.500000 0.000000
18.600000 0.000000
18.700000 0.000000
18.800000 0.000000
18.900000 0.000000
19.000000 0.000000
19.100000 0.000000
19.200000 0.000000
19.300000 0.000000
19.400000 0.000000
19.500000 0.000000
19.600000 0.000000
19.700000 0.000000
19.800000 0.000000
19.900000 0.000000
20.000000 0.000000
