0.100000 0.000000
0.200000 0.000000
0.300000 0.000000
0.400000 0.000000
0.500000 0.000000
0.600000 0.000000
0.700000 0.353980
0.800000 10.699840
0.900000 28.958880
1.000000 32.687560
1.100000 29.238200
1.200000 25.548180
1.300000 22.348380
1.400000 19.374360
1.500000 17.039840
1.600000 15.394000
1.700000 13.924120
1.800000 12.398240
1.900000 11.016280
2.000000 9.834340
2.100000 8.796380
2.200000 7.913820
2.300000 7.126260
2.400000 6.485640
2.500000 5.907820
2.600000 5.360100
2.700000 4.877020
2.800000 4.407460
2.900000 3.987720
3.000000 3.608280
3.100000 3.255980
3.200000 2.938360
3.300000 2.648780
3.400000 2.398800
3.500000 2.163320
3.600000 1.939520
3.700000 1.748900
3.800000 1.578180
3.900000 1.417940
4.000000 1.275700
4.100000 1.147600
4.200000 1.030480
4.300000 0.925000
4.400000 0.827440
4.500000 0.745580
4.600000 0.665780
4.700000 0.597760
4.800000 0.532620
4.900000 0.474540
5.000000 0.428020
5.100000 0.374580
5.200000 0.335780
5.300000 0.295780
5.400000 0.263300
5.500000 0.231820
5.600000 0.205620
5.700000 0.180680
5.800000 0.159020
5.900000 0.139540
6.000000 0.122500
6.100000 0.108100
6.200000 0.093380
6.300000 0.082120
6.400000 0.070140
6.500000 0.061380
6.600000 0.052920
6.700000 0.045780
6.800000 0.039340
6.900000 0.033760
7.000000 0.028800
7.100000 0.024520
7.200000 0.020820
7.300000 0.017640
7.400000 0.014740
7.500000 0.012260
7.600000 0.010460
7.700000 0.008680
7.800000 0.006960
7.900000 0.005980
8.000000 0.004780
8.100000 0.003980
8.200000 0.003300
8.300000 0.002660
8.400000 0.002140
8.500000 0.001760
8.600000 0.001440
8.700000 0.001040
8.800000 0.000860
8.900000 0.000740
9.000000 0.000520
9.100000 0.000460
9.200000 0.000320
9.300000 0.000300
9.400000 0.000200
9.500000 0.000160
9.600000 0.000100
9.700000 0.000100
9.800000 0.000100
9.900000 0.000040
10.000000 0.000000
10.100000 0.000000
10.200000 0.000000
10.300000 0.000000
10.400000 0.000000
10.500000 0.000000
10.600000 0.000000
10.700000 0.000000
10.800000 0.000000
10.900000 0.000000
11.000000 0.000000
11.100000 0.000000
11.200000 0.000000
11.300000 0.000000
11.400000 0.000000
11.500000 0.000000
11.600000 0.000000
11.700000 0.000000
11.800000 0.000000
11.900000 0.000000
12.000000 0.000000
12.100000 0.000000
12.200000 0.000000
12.300000 0.000000
12.400000 0.000000
12.500000 0.000000
12.600000 0.000000
12.700000 0.000000
12.800000 0.000000
12.900000 0.000000
13.000000 0.000000
13.100000 0.000000
13.200000 0.000000
13.300000 0.000000
13.400000 0.000000
13.500000 0.000000
13.600000 0.000000
13.700000 0.000000
13.800000 0.000000
13.900000 0.000000
14.000000 0.000000
14.100000 0.000000
14.200000 0.000000
14.300000 0.000000
14.400000 0.000000
14.500000 0.000000
14.600000 0.000000
14.700000 0.000000
14.800000 0.000000
14.900000 0.000000
15.000000 0.000000
15.100000 0.000000
15.200000 0.000000
15.300000 0.000000
15.400000 0.000000
15.500000 0.000000
15.600000 0.000000
15.700000 0.000000
15.800000 0.000000
15.900000 0.000000
16.000000 0.000000
16.100000 0.000000
16.200000 0.000000
16.300000 0.000000
16.400000 0.000000
16.500000 0.000000
16.600000 0.000000
16.700000 0.000000
16.800000 0.000000
16.900000 0.000000
17.000000 0.000000
17.100000 0.000000
17.200000 0.000000
17.300000 0.000000
17.400000 0.000000
17.500000 0.000000
17.600000 0.000000
17.700000 0.000000
17.800000 0.000000
17.900000 0.000000
18.000000 0.000000
18.100000 0.000000
18.200000 0.000000
18.300000 0.000000
18.400000 0.000000
18.500000 0.000000
18.600000 0.000000
18.700000 0.000000
18.800000 0.000000
18.900000 0.000000
19.000000 0.000000
19.100000 0.000000
19.200000 0.000000
19.300000 0.000000
19.400000 0.000000
19.500000 0.000000
19.600000 0.000000
19.700000 0.000000
19.800000 0.000000
19.900000 0.000000
20.000000 0.000000
