0.10000000 0.00000000
0.20000000 0.00000000
0.30000000 0.00000000
0.40000000 0.00000000
0.50000000 0.00000000
0.60000000 0.00000000
0.70000000 0.00007642
0.80000000 0.05043519
0.90000000 0.53347200
1.00000000 1.25332944
1.10000000 0.56535495
1.20000000 0.45073565
1.30000000 0.58612908
1.40000000 0.73790452
1.50000000 0.70565761
1.60000000 0.57945102
1.70000000 0.63236371
1.80000000 0.70718841
1.90000000 0.73281499
2.00000000 0.70253678
2.10000000 0.68804401
2.20000000 0.69335361
2.30000000 0.69164896
2.40000000 0.67404830
2.50000000 0.65489854
2.60000000 0.64851385
2.70000000 0.64069345
2.80000000 0.63338390
2.90000000 0.62292771
3.00000000 0.61398127
3.10000000 0.60671457
3.20000000 0.59964818
3.30000000 0.59043484
3.40000000 0.58312729
3.50000000 0.57570579
3.60000000 0.56926353
3.70000000 0.56220523
3.80000000 0.55434547
3.90000000 0.54689970
4.00000000 0.54105781
4.10000000 0.53257336
4.20000000 0.52575903
4.30000000 0.51841077
4.40000000 0.51126720
4.50000000 0.50357896
4.60000000 0.49648706
4.70000000 0.48943409
4.80000000 0.48237587
4.90000000 0.47488741
5.00000000 0.46751585
5.10000000 0.46027511
5.20000000 0.45312730
5.30000000 0.44624898
5.40000000 0.43913913
5.50000000 0.43212920
5.60000000 0.42491048
5.70000000 0.41809278
5.80000000 0.41144766
5.90000000 0.40414202
6.00000000 0.39725664
6.10000000 0.39013104
6.20000000 0.38325823
6.30000000 0.37638422
6.40000000 0.37005912
6.50000000 0.36320278
6.60000000 0.35647159
6.70000000 0.34952648
6.80000000 0.34287363
6.90000000 0.33657029
7.00000000 0.33011733
7.10000000 0.32375422
7.20000000 0.31719006
7.30000000 0.31115219
7.40000000 0.30481958
7.50000000 0.29832190
7.60000000 0.29203465
7.70000000 0.28612579
7.80000000 0.28003742
7.90000000 0.27380671
8.00000000 0.26737495
8.10000000 0.26179628
8.20000000 0.25563902
8.30000000 0.24973283
8.40000000 0.24379719
8.50000000 0.23815834
8.60000000 0.23228333
8.70000000 0.22676600
8.80000000 0.22106045
8.90000000 0.21555974
9.00000000 0.21046665
9.10000000 0.20468298
9.20000000 0.19925581
9.30000000 0.19388292
9.40000000 0.18850905
9.50000000 0.18354322
9.60000000 0.17821006
9.70000000 0.17337613
9.80000000 0.16805989
9.90000000 0.16340230
10.00000000 0.15853131
10.10000000 0.15377591
10.20000000 0.14892855
10.30000000 0.14428135
10.40000000 0.13972434
10.50000000 0.13527953
10.60000000 0.13063593
10.70000000 0.12631224
10.80000000 0.12199462
10.90000000 0.11757177
11.00000000 0.11347917
11.10000000 0.10933773
11.20000000 0.10539757
11.30000000 0.10145283
11.40000000 0.09751912
11.50000000 0.09374126
11.60000000 0.09012157
11.70000000 0.08641014
11.80000000 0.08276618
11.90000000 0.07926147
12.00000000 0.07593066
12.10000000 0.07261294
12.20000000 0.06932331
12.30000000 0.06615566
12.40000000 0.06309159
12.50000000 0.06003105
12.60000000 0.05709465
12.70000000 0.05433356
12.80000000 0.05162252
12.90000000 0.04893917
13.00000000 0.04632774
13.10000000 0.04384241
13.20000000 0.04150087
13.30000000 0.03914058
13.40000000 0.03681214
13.50000000 0.03473307
13.60000000 0.03259698
13.70000000 0.03064003
13.80000000 0.02865670
13.90000000 0.02686396
14.00000000 0.02515159
14.10000000 0.02342908
14.20000000 0.02180940
14.30000000 0.02032258
14.40000000 0.01885409
14.50000000 0.01746320
14.60000000 0.01616999
14.70000000 0.01491363
14.80000000 0.01380835
14.90000000 0.01267684
15.00000000 0.01167725
15.10000000 0.01068879
15.20000000 0.00981356
15.30000000 0.00896842
15.40000000 0.00819021
15.50000000 0.00744854
15.60000000 0.00680682
15.70000000 0.00617879
15.80000000 0.00558779
15.90000000 0.00504739
16.00000000 0.00457540
16.10000000 0.00411416
16.20000000 0.00370534
16.30000000 0.00331596
16.40000000 0.00298506
16.50000000 0.00265953
16.60000000 0.00238693
16.70000000 0.00211073
16.80000000 0.00189478
16.90000000 0.00168214
17.00000000 0.00149729
17.10000000 0.00131365
17.20000000 0.00117525
17.30000000 0.00103111
17.40000000 0.00092029
17.50000000 0.00080106
17.60000000 0.00070288
17.70000000 0.00061764
17.80000000 0.00053878
17.90000000 0.00046952
18.00000000 0.00041212
18.10000000 0.00036095
18.20000000 0.00031158
18.30000000 0.00027132
18.40000000 0.00023703
18.50000000 0.00020124
18.60000000 0.00017779
18.70000000 0.00015089
18.80000000 0.00013187
18.90000000 0.00011259
19.00000000 0.00009619
19.10000000 0.00008141
19.20000000 0.00007098
19.30000000 0.00006021
19.40000000 0.00005177
19.50000000 0.00004393
19.60000000 0.00003759
19.70000000 0.00003118
19.80000000 0.00002679
19.90000000 0.00002225
20.00000000 0.00001827
