0.10000000 0.00000000
0.20000000 0.00000000
0.30000000 0.00000000
0.40000000 0.00000000
0.50000000 0.00000000
0.60000000 0.00000000
0.70000000 0.02230000
0.80000000 20.02828000
0.90000000 223.25284000
1.00000000 543.05940000
1.10000000 149.96246000
1.20000000 55.23924000
1.30000000 108.25206000
1.40000000 171.95748000
1.50000000 147.61460000
1.60000000 66.28412000
1.70000000 70.09892000
1.80000000 86.56886000
1.90000000 86.90368000
2.00000000 64.04286000
2.10000000 51.40712000
2.20000000 53.76034000
2.30000000 53.10404000
2.40000000 45.73948000
2.50000000 37.67028000
2.60000000 34.85934000
2.70000000 33.56764000
2.80000000 30.33974000
2.90000000 26.12800000
3.00000000 23.43538000
3.10000000 21.72836000
3.20000000 19.78738000
3.30000000 17.64416000
3.40000000 15.65982000
3.50000000 14.28104000
3.60000000 13.02566000
3.70000000 11.67586000
3.80000000 10.53832000
3.90000000 9.50702000
4.00000000 8.65266000
4.10000000 7.87884000
4.20000000 7.10198000
4.30000000 6.38940000
4.40000000 5.83306000
4.50000000 5.27902000
4.60000000 4.79848000
4.70000000 4.35178000
4.80000000 3.98666000
4.90000000 3.61886000
5.00000000 3.30986000
5.10000000 3.05674000
5.20000000 2.78996000
5.30000000 2.56330000
5.40000000 2.37952000
5.50000000 2.19710000
5.60000000 2.03772000
5.70000000 1.89086000
5.80000000 1.76882000
5.90000000 1.66810000
6.00000000 1.57608000
6.10000000 1.47368000
6.20000000 1.41138000
6.30000000 1.35444000
6.40000000 1.28780000
6.50000000 1.24632000
6.60000000 1.19042000
6.70000000 1.16606000
6.80000000 1.13336000
6.90000000 1.10980000
7.00000000 1.08718000
7.10000000 1.06114000
7.20000000 1.04674000
7.30000000 1.03234000
7.40000000 1.02140000
7.50000000 1.00982000
7.60000000 1.00322000
7.70000000 0.98958000
7.80000000 0.99858000
7.90000000 0.99820000
8.00000000 0.98234000
8.10000000 0.98376000
8.20000000 0.98514000
8.30000000 0.98034000
8.40000000 0.97708000
8.50000000 0.97634000
8.60000000 0.98056000
8.70000000 0.97496000
8.80000000 0.98068000
8.90000000 0.97894000
9.00000000 0.98120000
9.10000000 0.97776000
9.20000000 0.98398000
9.30000000 0.98082000
9.40000000 0.98480000
9.50000000 0.98164000
9.60000000 0.99276000
9.70000000 0.98326000
9.80000000 0.98840000
9.90000000 0.98022000
10.00000000 0.98254000
10.10000000 0.98240000
10.20000000 0.98356000
10.30000000 0.97974000
10.40000000 0.97728000
10.50000000 0.97966000
10.60000000 0.97832000
10.70000000 0.97372000
10.80000000 0.98182000
10.90000000 0.98216000
11.00000000 0.97654000
11.10000000 0.97536000
11.20000000 0.98054000
11.30000000 0.97800000
11.40000000 0.97498000
11.50000000 0.98646000
11.60000000 0.98662000
11.70000000 0.97760000
11.80000000 0.98590000
11.90000000 0.98598000
12.00000000 0.98698000
12.10000000 0.98364000
12.20000000 0.98182000
12.30000000 0.98816000
12.40000000 0.97942000
12.50000000 0.98770000
12.60000000 0.98428000
12.70000000 0.99204000
12.80000000 0.99486000
12.90000000 0.98554000
13.00000000 0.99226000
13.10000000 0.99042000
13.20000000 0.99070000
13.30000000 0.98860000
13.40000000 0.98808000
13.50000000 0.98932000
13.60000000 0.99336000
13.70000000 0.98802000
13.80000000 0.99424000
13.90000000 0.99196000
14.00000000 0.99310000
14.10000000 1.00156000
14.20000000 0.99588000
14.30000000 0.99530000
14.40000000 0.99520000
14.50000000 1.00024000
14.60000000 0.99654000
14.70000000 0.99728000
14.80000000 0.99498000
14.90000000 0.99638000
15.00000000 0.99382000
15.10000000 0.99924000
15.20000000 0.99808000
15.30000000 0.99704000
15.40000000 0.99856000
15.50000000 0.99844000
15.60000000 0.99690000
15.70000000 0.99792000
15.80000000 0.99472000
15.90000000 0.99856000
16.00000000 0.99360000
16.10000000 0.99356000
16.20000000 0.99368000
16.30000000 0.99984000
16.40000000 0.99864000
16.50000000 1.00256000
16.60000000 0.99856000
16.70000000 1.00104000
16.80000000 0.99890000
16.90000000 1.00028000
17.00000000 0.99890000
17.10000000 0.99956000
17.20000000 1.00242000
17.30000000 0.99742000
17.40000000 1.00228000
17.50000000 0.99516000
17.60000000 0.99854000
17.70000000 0.99780000
17.80000000 1.00002000
17.90000000 0.99720000
18.00000000 0.99938000
18.10000000 0.99826000
18.20000000 0.99744000
18.30000000 0.99352000
18.40000000 0.99534000
18.50000000 0.99742000
18.60000000 0.99948000
18.70000000 0.99810000
18.80000000 0.99370000
18.90000000 0.99478000
19.00000000 0.99540000
19.10000000 0.99674000
19.20000000 0.99512000
19.30000000 0.99776000
19.40000000 0.99322000
19.50000000 0.99260000
19.60000000 0.99170000
19.70000000 0.99400000
19.80000000 0.99186000
19.90000000 0.98914000
20.00000000 0.99196000
