0.100000 0.000000
0.200000 0.000000
0.300000 0.000000
0.400000 0.000000
0.500000 4.567740
0.600000 80.032520
0.700000 201.442620
0.800000 211.778520
0.900000 61.410860
1.000000 81.990640
1.100000 87.343340
1.200000 43.655880
1.300000 27.640620
1.400000 28.972700
1.500000 26.492840
1.600000 23.210880
1.700000 20.738540
1.800000 15.280020
1.900000 9.432160
2.000000 6.875980
2.100000 5.840680
2.200000 4.680380
2.300000 3.723780
2.400000 3.056620
2.500000 2.394760
2.600000 1.850220
2.700000 1.540320
2.800000 1.263480
2.900000 1.104420
3.000000 1.048860
3.100000 1.023540
3.200000 1.013600
3.300000 0.998240
3.400000 1.005660
3.500000 1.000760
3.600000 0.991580
3.700000 1.011520
3.800000 0.999220
3.900000 0.982800
4.000000 0.997840
4.100000 0.995600
4.200000 1.003400
4.300000 0.994360
4.400000 0.998300
4.500000 0.989040
4.600000 0.996800
4.700000 0.988340
4.800000 0.994380
4.900000 0.987420
5.000000 0.998420
5.100000 0.988200
5.200000 0.979380
5.300000 1.000140
5.400000 0.985400
5.500000 0.986940
5.600000 0.985140
5.700000 0.988480
5.800000 0.984300
5.900000 0.983780
6.000000 0.990620
6.100000 0.985880
6.200000 0.989260
6.300000 0.992780
6.400000 0.984220
6.500000 0.995260
6.600000 0.995600
6.700000 0.986560
6.800000 0.995080
6.900000 0.990180
7.000000 0.997640
7.100000 0.994620
7.200000 0.993120
7.300000 0.991640
7.400000 0.995760
7.500000 0.993620
7.600000 0.993100
7.700000 0.994860
7.800000 0.993100
7.900000 0.991580
8.000000 0.997660
8.100000 0.993100
8.200000 0.991720
8.300000 0.999360
8.400000 0.999520
8.500000 0.998860
8.600000 0.998920
8.700000 0.999640
8.800000 1.000840
8.900000 0.997980
9.000000 0.995960
9.100000 0.992480
9.200000 0.996780
9.300000 0.995480
9.400000 0.996000
9.500000 0.994580
9.600000 0.998960
9.700000 1.003900
9.800000 0.998480
9.900000 0.998540
10.000000 0.998480
10.100000 1.001680
10.200000 0.995400
10.300000 0.998220
10.400000 0.995100
10.500000 0.997440
10.600000 0.994100
10.700000 0.996180
10.800000 0.998000
10.900000 0.995300
11.000000 0.998800
11.100000 0.994100
11.200000 0.995820
11.300000 0.998600
11.400000 0.995860
11.500000 0.998860
11.600000 0.997380
11.700000 0.998480
11.800000 1.001700
11.900000 0.999020
12.000000 0.997300
12.100000 0.998720
12.200000 0.997580
12.300000 0.998440
12.400000 1.000020
12.500000 1.001680
12.600000 1.003140
12.700000 1.003060
12.800000 1.000180
12.900000 0.998340
13.000000 0.999160
13.100000 0.999000
13.200000 1.001020
13.300000 0.997680
13.400000 0.997400
13.500000 0.998560
13.600000 0.992240
13.700000 0.996420
13.800000 0.994700
13.900000 0.994360
14.000000 0.994620
14.100000 0.993660
14.200000 0.992140
14.300000 0.996560
14.400000 0.992720
14.500000 0.996340
14.600000 0.993220
14.700000 0.996800
14.800000 0.995840
14.900000 0.995780
15.000000 0.994940
15.100000 0.992740
15.200000 0.998100
15.300000 0.997500
15.400000 0.996100
15.500000 0.994320
15.600000 0.997040
15.700000 0.996780
15.800000 0.994740
15.900000 0.995560
16.000000 0.995080
16.100000 0.992480
16.200000 0.994820
16.300000 0.995740
16.400000 0.996620
16.500000 0.997480
16.600000 0.996160
16.700000 0.997880
16.800000 0.997180
16.900000 0.998240
17.000000 0.998520
17.100000 0.998060
17.200000 0.998420
17.300000 0.997820
17.400000 0.998220
17.500000 0.996480
17.600000 0.999900
17.700000 0.997620
17.800000 0.997920
17.900000 0.997220
18.000000 1.000520
18.100000 0.999540
18.200000 0.999400
18.300000 1.000940
18.400000 0.999880
18.500000 0.998620
18.600000 1.000800
18.700000 0.999620
18.800000 1.000000
18.900000 1.001200
19.000000 1.000300
19.100000 1.000300
19.200000 1.001140
19.300000 0.999840
19.400000 1.000400
19.500000 0.997740
19.600000 0.999300
19.700000 1.002100
19.800000 0.998720
19.900000 1.000460
20.000000 0.999620
