0.10000000 0.00000000
0.20000000 0.00000000
0.30000000 0.00000000
0.40000000 0.00000000
0.50000000 4.61256000
0.60000000 81.64650000
0.70000000 203.17980000
0.80000000 216.18840000
0.90000000 63.39530000
1.00000000 83.42440000
1.10000000 89.92560000
1.20000000 45.33354000
1.30000000 29.32558000
1.40000000 30.60386000
1.50000000 28.20686000
1.60000000 24.90720000
1.70000000 22.41010000
1.80000000 16.94406000
1.90000000 10.97192000
2.00000000 8.37018000
2.10000000 7.21900000
2.20000000 5.96350000
2.30000000 4.86830000
2.40000000 4.14628000
2.50000000 3.41264000
2.60000000 2.78964000
2.70000000 2.33136000
2.80000000 1.98846000
2.90000000 1.74740000
3.00000000 1.61374000
3.10000000 1.53958000
3.20000000 1.48246000
3.30000000 1.43366000
3.40000000 1.37860000
3.50000000 1.35118000
3.60000000 1.30258000
3.70000000 1.26966000
3.80000000 1.24094000
3.90000000 1.20894000
4.00000000 1.18058000
4.10000000 1.16326000
4.20000000 1.14864000
4.30000000 1.12962000
4.40000000 1.11418000
4.50000000 1.10796000
4.60000000 1.09444000
4.70000000 1.08374000
4.80000000 1.07516000
4.90000000 1.06784000
5.00000000 1.05838000
5.10000000 1.05606000
5.20000000 1.04916000
5.30000000 1.03494000
5.40000000 1.03810000
5.50000000 1.03036000
5.60000000 1.02640000
5.70000000 1.02614000
5.80000000 1.02006000
5.90000000 1.01670000
6.00000000 1.01086000
6.10000000 1.01426000
6.20000000 1.00550000
6.30000000 1.00684000
6.40000000 1.00824000
6.50000000 1.00538000
6.60000000 1.00718000
6.70000000 1.00770000
6.80000000 0.99970000
6.90000000 1.00100000
7.00000000 0.99866000
7.10000000 1.00136000
7.20000000 1.00062000
7.30000000 1.00374000
7.40000000 1.00544000
7.50000000 0.99834000
7.60000000 1.00086000
7.70000000 0.99902000
7.80000000 1.00088000
7.90000000 0.99760000
8.00000000 0.99834000
8.10000000 1.00036000
8.20000000 0.99526000
8.30000000 0.99988000
8.40000000 0.99506000
8.50000000 0.99944000
8.60000000 0.99870000
8.70000000 0.99824000
8.80000000 0.99832000
8.90000000 1.00188000
9.00000000 0.99582000
9.10000000 0.99474000
9.20000000 1.00244000
9.30000000 0.99652000
9.40000000 0.99962000
9.50000000 1.00036000
9.60000000 1.00064000
9.70000000 1.00152000
9.80000000 0.99640000
9.90000000 0.99388000
10.00000000 0.99654000
10.10000000 0.99386000
10.20000000 0.99706000
10.30000000 0.99620000
10.40000000 0.99490000
10.50000000 0.99544000
10.60000000 0.99664000
10.70000000 0.99930000
10.80000000 0.99732000
10.90000000 0.99954000
11.00000000 0.99902000
11.10000000 0.99684000
11.20000000 1.00058000
11.30000000 0.99852000
11.40000000 0.99938000
11.50000000 1.00064000
11.60000000 1.00144000
11.70000000 1.00006000
11.80000000 1.00046000
11.90000000 0.99546000
12.00000000 0.99732000
12.10000000 0.99832000
12.20000000 0.99952000
12.30000000 0.99970000
12.40000000 0.99928000
12.50000000 0.99822000
12.60000000 0.99712000
12.70000000 0.99800000
12.80000000 1.00060000
12.90000000 1.00046000
13.00000000 0.99874000
13.10000000 1.00140000
13.20000000 1.00128000
13.30000000 0.99884000
13.40000000 1.00026000
13.50000000 0.99982000
13.60000000 1.00136000
13.70000000 0.99988000
13.80000000 1.00144000
13.90000000 1.00322000
14.00000000 0.99992000
14.10000000 1.00018000
14.20000000 1.00116000
14.30000000 1.00146000
14.40000000 1.00212000
14.50000000 0.99828000
14.60000000 0.99908000
14.70000000 0.99852000
14.80000000 0.99620000
14.90000000 0.99766000
15.00000000 0.99774000
15.10000000 0.99860000
15.20000000 0.99770000
15.30000000 0.99686000
15.40000000 1.00022000
15.50000000 0.99808000
15.60000000 0.99898000
15.70000000 0.99866000
15.80000000 0.99836000
15.90000000 0.99826000
16.00000000 0.99750000
16.10000000 0.99968000
16.20000000 1.00020000
16.30000000 0.99974000
16.40000000 0.99926000
16.50000000 0.99952000
16.60000000 1.00062000
16.70000000 0.99900000
16.80000000 0.99872000
16.90000000 1.00026000
17.00000000 1.00030000
17.10000000 0.99984000
17.20000000 1.00106000
17.30000000 1.00098000
17.40000000 1.00130000
17.50000000 1.00194000
17.60000000 1.00106000
17.70000000 0.99786000
17.80000000 0.99890000
17.90000000 0.99954000
18.00000000 1.00088000
18.10000000 1.00092000
18.20000000 0.99880000
18.30000000 0.99862000
18.40000000 0.99828000
18.50000000 0.99722000
18.60000000 0.99906000
18.70000000 0.99944000
18.80000000 0.99900000
18.90000000 0.99928000
19.00000000 0.99896000
19.10000000 0.99890000
19.20000000 0.99904000
19.30000000 0.99920000
19.40000000 0.99602000
19.50000000 0.99474000
19.60000000 0.99738000
19.70000000 0.99642000
19.80000000 0.99714000
19.90000000 0.99840000
20.00000000 0.99830000
