0.10000000 0.00000000
0.20000000 0.00000000
0.30000000 0.00000000
0.40000000 0.00000000
0.50000000 0.00000000
0.60000000 0.03156000
0.70000000 2.82610000
0.80000000 13.57848000
0.90000000 23.89238000
1.00000000 29.85870000
1.10000000 32.40516000
1.20000000 31.87428000
1.30000000 29.42388000
1.40000000 26.45336000
1.50000000 23.40490000
1.60000000 20.84466000
1.70000000 18.44936000
1.80000000 16.37992000
1.90000000 14.67082000
2.00000000 13.06512000
2.10000000 11.72814000
2.20000000 10.47178000
2.30000000 9.32770000
2.40000000 8.36532000
2.50000000 7.52296000
2.60000000 6.73546000
2.70000000 6.10486000
2.80000000 5.55208000
2.90000000 5.03994000
3.00000000 4.59854000
3.10000000 4.19624000
3.20000000 3.84498000
3.30000000 3.53720000
3.40000000 3.24540000
3.50000000 2.98646000
3.60000000 2.77100000
3.70000000 2.57250000
3.80000000 2.40434000
3.90000000 2.24708000
4.00000000 2.10062000
4.10000000 1.97648000
4.20000000 1.87572000
4.30000000 1.77518000
4.40000000 1.68692000
4.50000000 1.60790000
4.60000000 1.53500000
4.70000000 1.47008000
4.80000000 1.40946000
4.90000000 1.36298000
5.00000000 1.33326000
5.10000000 1.28348000
5.20000000 1.25020000
5.30000000 1.22050000
5.40000000 1.19468000
5.50000000 1.16600000
5.60000000 1.15212000
5.70000000 1.12528000
5.80000000 1.10844000
5.90000000 1.09554000
6.00000000 1.08438000
6.10000000 1.07210000
6.20000000 1.06166000
6.30000000 1.05362000
6.40000000 1.04560000
6.50000000 1.04128000
6.60000000 1.03386000
6.70000000 1.02934000
6.80000000 1.02524000
6.90000000 1.02098000
7.00000000 1.01712000
7.10000000 1.01814000
7.20000000 1.01210000
7.30000000 1.00644000
7.40000000 1.01252000
7.50000000 1.00818000
7.60000000 1.00658000
7.70000000 1.00246000
7.80000000 1.00620000
7.90000000 1.00324000
8.00000000 1.00128000
8.10000000 0.99852000
8.20000000 0.99998000
8.30000000 0.99980000
8.40000000 0.99812000
8.50000000 0.99430000
8.60000000 0.99204000
8.70000000 0.99540000
8.80000000 0.99500000
8.90000000 0.99278000
9.00000000 0.99632000
9.10000000 0.99572000
9.20000000 0.99330000
9.30000000 0.99374000
9.40000000 0.99440000
9.50000000 0.99296000
9.60000000 0.99258000
9.70000000 0.99580000
9.80000000 0.99646000
9.90000000 0.99222000
10.00000000 0.99450000
10.10000000 0.99102000
10.20000000 0.99196000
10.30000000 0.99264000
10.40000000 0.99164000
10.50000000 0.99116000
10.60000000 0.99006000
10.70000000 0.99136000
10.80000000 0.98988000
10.90000000 0.98876000
11.00000000 0.99164000
11.10000000 0.98940000
11.20000000 0.98716000
11.30000000 0.99196000
11.40000000 0.98834000
11.50000000 0.99192000
11.60000000 0.98770000
11.70000000 0.98742000
11.80000000 0.99126000
11.90000000 0.98834000
12.00000000 0.99010000
12.10000000 0.98988000
12.20000000 0.99340000
12.30000000 0.99494000
12.40000000 0.99266000
12.50000000 0.99188000
12.60000000 0.99632000
12.70000000 0.99628000
12.80000000 0.99592000
12.90000000 0.99560000
13.00000000 0.99500000
13.10000000 0.99598000
13.20000000 0.99454000
13.30000000 0.99570000
13.40000000 0.99454000
13.50000000 0.99754000
13.60000000 0.99642000
13.70000000 0.99654000
13.80000000 0.99804000
13.90000000 0.99758000
14.00000000 0.99494000
14.10000000 0.99526000
14.20000000 0.99886000
14.30000000 0.99742000
14.40000000 0.99520000
14.50000000 0.99590000
14.60000000 0.99530000
14.70000000 0.99540000
14.80000000 0.99566000
14.90000000 0.99886000
15.00000000 0.99556000
15.10000000 0.99534000
15.20000000 0.99386000
15.30000000 0.99658000
15.40000000 0.99444000
15.50000000 0.99828000
15.60000000 0.99752000
15.70000000 0.99774000
15.80000000 1.00018000
15.90000000 0.99894000
16.00000000 0.99906000
16.10000000 1.00224000
16.20000000 1.00018000
16.30000000 1.00014000
16.40000000 0.99946000
16.50000000 0.99998000
16.60000000 0.99964000
16.70000000 1.00060000
16.80000000 0.99896000
16.90000000 0.99676000
17.00000000 0.99810000
17.10000000 0.99578000
17.20000000 0.99870000
17.30000000 0.99504000
17.40000000 0.99914000
17.50000000 0.99862000
17.60000000 0.99808000
17.70000000 0.99926000
17.80000000 1.00008000
17.90000000 0.99902000
18.00000000 1.00096000
18.10000000 0.99982000
18.20000000 0.99964000
18.30000000 0.99848000
18.40000000 0.99906000
18.50000000 0.99992000
18.60000000 0.99830000
18.70000000 0.99812000
18.80000000 0.99860000
18.90000000 0.99784000
19.00000000 0.99834000
19.10000000 0.99848000
19.20000000 0.99940000
19.30000000 0.99896000
19.40000000 0.99944000
19.50000000 0.99868000
19.60000000 0.99946000
19.70000000 0.99820000
19.80000000 0.99988000
19.90000000 0.99808000
20.00000000 0.99934000
