0.100000 0.000000
0.200000 0.000000
0.300000 0.000000
0.400000 0.000000
0.500000 0.000000
0.600000 18.569920
0.700000 194.800020
0.800000 243.402600
0.900000 61.727740
1.000000 87.232760
1.100000 114.195740
1.200000 74.084520
1.300000 56.564200
1.400000 58.724140
1.500000 39.158420
1.600000 17.950660
1.700000 15.347140
1.800000 15.966800
1.900000 15.989600
2.000000 14.634400
2.100000 12.097660
2.200000 8.849040
2.300000 6.747280
2.400000 5.514400
2.500000 4.518480
2.600000 3.637240
2.700000 2.981160
2.800000 2.402400
2.900000 1.909620
3.000000 1.531860
3.100000 1.289500
3.200000 1.123500
3.300000 1.040220
3.400000 1.004040
3.500000 0.999940
3.600000 0.994700
3.700000 1.002420
3.800000 1.003920
3.900000 0.995900
4.000000 0.986560
4.100000 1.001780
4.200000 0.998140
4.300000 0.986440
4.400000 0.995720
4.500000 0.996980
4.600000 0.992620
4.700000 0.995640
4.800000 0.988140
4.900000 0.996780
5.000000 0.988880
5.100000 0.993420
5.200000 0.993220
5.300000 0.995880
5.400000 0.991060
5.500000 0.983980
5.600000 0.996040
5.700000 0.988580
5.800000 0.990620
5.900000 0.988000
6.000000 0.984840
6.100000 0.989100
6.200000 0.988600
6.300000 0.991000
6.400000 0.989000
6.500000 0.984520
6.600000 0.993700
6.700000 0.985000
6.800000 1.004180
6.900000 0.995220
7.000000 0.990040
7.100000 0.983840
7.200000 0.990660
7.300000 0.992760
7.400000 0.988820
7.500000 0.994800
7.600000 0.989200
7.700000 0.989440
7.800000 1.000760
7.900000 0.989520
8.000000 0.994920
8.100000 0.987640
8.200000 1.000060
8.300000 0.995840
8.400000 1.003740
8.500000 0.995520
8.600000 0.999820
8.700000 0.997620
8.800000 0.995540
8.900000 0.994040
9.000000 0.993600
9.100000 0.994460
9.200000 0.994740
9.300000 1.002000
9.400000 0.997400
9.500000 0.998820
9.600000 1.000200
9.700000 1.001100
9.800000 0.998180
9.900000 1.002940
10.000000 0.998380
10.100000 1.003060
10.200000 0.997260
10.300000 0.997040
10.400000 0.999940
10.500000 0.994120
10.600000 0.997260
10.700000 0.990580
10.800000 0.994360
10.900000 0.993060
11.000000 0.992520
11.100000 0.997620
11.200000 0.998380
11.300000 0.995520
11.400000 0.993820
11.500000 0.995980
11.600000 0.997500
11.700000 0.997140
11.800000 1.002960
11.900000 0.998820
12.000000 0.995660
12.100000 0.999000
12.200000 1.002040
12.300000 0.993400
12.400000 1.000020
12.500000 0.996560
12.600000 0.998840
12.700000 1.001020
12.800000 0.997100
12.900000 1.000380
13.000000 1.000520
13.100000 1.001720
13.200000 0.995400
13.300000 0.998300
13.400000 0.996640
13.500000 0.996900
13.600000 0.993060
13.700000 0.995120
13.800000 0.997200
13.900000 0.994660
14.000000 0.994760
14.100000 0.992340
14.200000 0.994320
14.300000 0.994060
14.400000 0.995200
14.500000 0.994140
14.600000 0.995620
14.700000 0.998820
14.800000 0.995280
14.900000 0.995920
15.000000 0.997560
15.100000 0.992900
15.200000 0.996060
15.300000 0.996160
15.400000 0.995540
15.500000 0.997640
15.600000 0.996380
15.700000 0.993480
15.800000 0.996360
15.900000 0.993460
16.000000 0.991600
16.100000 0.994700
16.200000 0.993080
16.300000 0.996200
16.400000 0.995480
16.500000 1.000660
16.600000 0.997120
16.700000 0.994240
16.800000 0.996240
16.900000 0.994020
17.000000 0.998560
17.100000 0.997320
17.200000 0.997020
17.300000 0.996420
17.400000 0.994500
17.500000 1.001440
17.600000 0.997340
17.700000 0.995060
17.800000 1.000820
17.900000 0.996000
18.000000 1.000040
18.100000 0.999360
18.200000 1.004480
18.300000 0.999060
18.400000 0.998400
18.500000 1.000020
18.600000 1.001580
18.700000 0.998160
18.800000 0.998200
18.900000 0.999480
19.000000 0.998060
19.100000 1.000860
19.200000 0.997120
19.300000 0.998080
19.400000 1.000900
19.500000 0.998220
19.600000 0.999500
19.700000 0.998660
19.800000 0.996740
19.900000 1.001360
20.000000 1.000320
