0.10000000 0.00000000
0.20000000 0.00000000
0.30000000 0.00000000
0.40000000 0.00000000
0.50000000 0.00000000
0.60000000 19.05468000
0.70000000 197.13570000
0.80000000 247.72008000
0.90000000 63.29790000
1.00000000 88.99934000
1.10000000 116.74186000
1.20000000 76.08388000
1.30000000 58.61738000
1.40000000 60.73934000
1.50000000 41.34824000
1.60000000 19.45406000
1.70000000 16.84610000
1.80000000 17.50180000
1.90000000 17.52356000
2.00000000 16.24836000
2.10000000 13.48788000
2.20000000 10.23616000
2.30000000 7.94824000
2.40000000 6.70836000
2.50000000 5.55712000
2.60000000 4.58076000
2.70000000 3.80976000
2.80000000 3.17214000
2.90000000 2.56922000
3.00000000 2.13718000
3.10000000 1.81554000
3.20000000 1.60814000
3.30000000 1.45766000
3.40000000 1.39258000
3.50000000 1.35178000
3.60000000 1.31320000
3.70000000 1.26096000
3.80000000 1.24180000
3.90000000 1.21082000
4.00000000 1.18854000
4.10000000 1.18038000
4.20000000 1.13570000
4.30000000 1.13344000
4.40000000 1.11400000
4.50000000 1.09760000
4.60000000 1.09290000
4.70000000 1.08150000
4.80000000 1.07874000
4.90000000 1.06778000
5.00000000 1.06080000
5.10000000 1.05470000
5.20000000 1.04914000
5.30000000 1.03822000
5.40000000 1.03094000
5.50000000 1.03454000
5.60000000 1.03082000
5.70000000 1.02388000
5.80000000 1.01604000
5.90000000 1.01442000
6.00000000 1.01516000
6.10000000 1.00958000
6.20000000 1.01176000
6.30000000 1.00712000
6.40000000 1.00530000
6.50000000 1.00688000
6.60000000 1.01122000
6.70000000 1.00052000
6.80000000 1.00248000
6.90000000 1.00592000
7.00000000 1.00666000
7.10000000 0.99592000
7.20000000 1.00044000
7.30000000 0.99750000
7.40000000 0.99790000
7.50000000 0.99940000
7.60000000 1.00222000
7.70000000 0.99598000
7.80000000 0.99646000
7.90000000 0.99964000
8.00000000 0.99548000
8.10000000 0.99770000
8.20000000 0.99630000
8.30000000 0.99994000
8.40000000 0.99544000
8.50000000 0.99816000
8.60000000 0.99782000
8.70000000 0.99884000
8.80000000 0.99794000
8.90000000 1.00168000
9.00000000 0.99434000
9.10000000 1.00034000
9.20000000 1.00138000
9.30000000 0.99878000
9.40000000 0.99766000
9.50000000 1.00100000
9.60000000 0.99506000
9.70000000 0.99920000
9.80000000 0.99880000
9.90000000 0.99890000
10.00000000 0.99684000
10.10000000 0.99166000
10.20000000 0.99794000
10.30000000 0.99492000
10.40000000 0.99844000
10.50000000 0.99840000
10.60000000 1.00026000
10.70000000 0.99860000
10.80000000 0.99636000
10.90000000 0.99712000
11.00000000 0.99652000
11.10000000 0.99906000
11.20000000 0.99646000
11.30000000 0.99962000
11.40000000 1.00022000
11.50000000 0.99812000
11.60000000 1.00112000
11.70000000 0.99770000
11.80000000 0.99614000
11.90000000 0.99838000
12.00000000 1.00024000
12.10000000 0.99814000
12.20000000 0.99654000
12.30000000 0.99936000
12.40000000 0.99440000
12.50000000 0.99472000
12.60000000 0.99806000
12.70000000 1.00034000
12.80000000 0.99882000
12.90000000 0.99894000
13.00000000 0.99902000
13.10000000 0.99944000
13.20000000 1.00014000
13.30000000 1.00170000
13.40000000 0.99840000
13.50000000 1.00022000
13.60000000 0.99884000
13.70000000 0.99796000
13.80000000 0.99926000
13.90000000 1.00022000
14.00000000 1.00040000
14.10000000 1.00120000
14.20000000 0.99940000
14.30000000 1.00108000
14.40000000 1.00048000
14.50000000 0.99750000
14.60000000 0.99892000
14.70000000 0.99878000
14.80000000 0.99650000
14.90000000 0.99760000
15.00000000 0.99642000
15.10000000 0.99642000
15.20000000 0.99672000
15.30000000 1.00106000
15.40000000 0.99822000
15.50000000 0.99722000
15.60000000 0.99784000
15.70000000 0.99918000
15.80000000 0.99816000
15.90000000 0.99570000
16.00000000 0.99912000
16.10000000 1.00002000
16.20000000 0.99734000
16.30000000 0.99786000
16.40000000 0.99958000
16.50000000 0.99926000
16.60000000 1.00058000
16.70000000 1.00158000
16.80000000 0.99912000
16.90000000 1.00058000
17.00000000 1.00052000
17.10000000 0.99934000
17.20000000 1.00058000
17.30000000 0.99986000
17.40000000 1.00176000
17.50000000 0.99910000
17.60000000 1.00086000
17.70000000 1.00216000
17.80000000 0.99940000
17.90000000 0.99848000
18.00000000 0.99842000
18.10000000 0.99960000
18.20000000 0.99716000
18.30000000 0.99820000
18.40000000 0.99922000
18.50000000 0.99730000
18.60000000 0.99886000
18.70000000 0.99624000
18.80000000 0.99914000
18.90000000 0.99660000
19.00000000 0.99994000
19.10000000 0.99928000
19.20000000 0.99820000
19.30000000 0.99304000
19.40000000 0.99710000
19.50000000 0.99686000
19.60000000 0.99462000
19.70000000 0.99774000
19.80000000 0.99616000
19.90000000 0.99694000
20.00000000 0.99838000
