0.10000000 0.00000000
0.20000000 0.00000000
0.30000000 0.00000000
0.40000000 0.00000000
0.50000000 0.00000000
0.60000000 0.12001212
0.70000000 1.10665580
0.80000000 1.42628595
0.90000000 0.78418758
1.00000000 0.91382962
1.10000000 1.03657521
1.20000000 0.85935556
1.30000000 0.79369163
1.40000000 0.81781147
1.50000000 0.75227933
1.60000000 0.69659213
1.70000000 0.72728468
1.80000000 0.76233796
1.90000000 0.78689194
2.00000000 0.79302661
2.10000000 0.78637447
2.20000000 0.76950700
2.30000000 0.75549820
2.40000000 0.74095519
2.50000000 0.73180508
2.60000000 0.72108072
2.70000000 0.71007247
2.80000000 0.69967511
2.90000000 0.68765507
3.00000000 0.67670115
3.10000000 0.66656280
3.20000000 0.65671337
3.30000000 0.64720531
3.40000000 0.63801272
3.50000000 0.62984581
3.60000000 0.62138266
3.70000000 0.61225727
3.80000000 0.60469576
3.90000000 0.59577840
4.00000000 0.58643717
4.10000000 0.57982671
4.20000000 0.57092387
4.30000000 0.56160872
4.40000000 0.55462992
4.50000000 0.54560184
4.60000000 0.53751165
4.70000000 0.52928914
4.80000000 0.52093993
4.90000000 0.51273546
5.00000000 0.50439694
5.10000000 0.49615469
5.20000000 0.48822811
5.30000000 0.48025974
5.40000000 0.47193082
5.50000000 0.46453882
5.60000000 0.45581380
5.70000000 0.44864716
5.80000000 0.43980873
5.90000000 0.43210804
6.00000000 0.42477208
6.10000000 0.41686550
6.20000000 0.40897988
6.30000000 0.40071903
6.40000000 0.39293265
6.50000000 0.38528519
6.60000000 0.37811626
6.70000000 0.37064123
6.80000000 0.36298173
6.90000000 0.35571330
7.00000000 0.34847530
7.10000000 0.34087977
7.20000000 0.33412150
7.30000000 0.32673028
7.40000000 0.31901191
7.50000000 0.31214454
7.60000000 0.30531090
7.70000000 0.29833199
7.80000000 0.29108289
7.90000000 0.28453347
8.00000000 0.27769885
8.10000000 0.27078395
8.20000000 0.26454764
8.30000000 0.25802276
8.40000000 0.25174245
8.50000000 0.24480489
8.60000000 0.23880168
8.70000000 0.23230738
8.80000000 0.22609936
8.90000000 0.21987424
9.00000000 0.21370817
9.10000000 0.20762884
9.20000000 0.20198815
9.30000000 0.19599110
9.40000000 0.19016204
9.50000000 0.18444433
9.60000000 0.17868022
9.70000000 0.17312072
9.80000000 0.16781592
9.90000000 0.16238830
10.00000000 0.15700430
10.10000000 0.15173267
10.20000000 0.14654642
10.30000000 0.14162869
10.40000000 0.13654850
10.50000000 0.13167031
10.60000000 0.12690080
10.70000000 0.12210571
10.80000000 0.11745284
10.90000000 0.11274347
11.00000000 0.10846918
11.10000000 0.10385998
11.20000000 0.09964640
11.30000000 0.09547018
11.40000000 0.09157658
11.50000000 0.08753077
11.60000000 0.08369659
11.70000000 0.07974161
11.80000000 0.07598190
11.90000000 0.07263454
12.00000000 0.06901369
12.10000000 0.06564258
12.20000000 0.06224945
12.30000000 0.05916647
12.40000000 0.05610139
12.50000000 0.05292788
12.60000000 0.05002322
12.70000000 0.04725291
12.80000000 0.04447606
12.90000000 0.04192811
13.00000000 0.03935109
13.10000000 0.03703300
13.20000000 0.03467439
13.30000000 0.03249880
13.40000000 0.03032564
13.50000000 0.02829054
13.60000000 0.02631899
13.70000000 0.02457833
13.80000000 0.02275854
13.90000000 0.02113275
14.00000000 0.01952141
14.10000000 0.01800790
14.20000000 0.01662732
14.30000000 0.01529383
14.40000000 0.01407498
14.50000000 0.01289954
14.60000000 0.01183313
14.70000000 0.01080731
14.80000000 0.00987382
14.90000000 0.00900842
15.00000000 0.00817502
15.10000000 0.00738739
15.20000000 0.00672016
15.30000000 0.00605986
15.40000000 0.00545498
15.50000000 0.00493601
15.60000000 0.00441411
15.70000000 0.00397261
15.80000000 0.00352590
15.90000000 0.00315955
16.00000000 0.00282809
16.10000000 0.00251580
16.20000000 0.00222580
16.30000000 0.00197571
16.40000000 0.00174115
16.50000000 0.00152314
16.60000000 0.00134787
16.70000000 0.00117870
16.80000000 0.00103756
16.90000000 0.00090772
17.00000000 0.00079074
17.10000000 0.00068749
17.20000000 0.00059442
17.30000000 0.00051859
17.40000000 0.00044244
17.50000000 0.00038946
17.60000000 0.00033540
17.70000000 0.00028817
17.80000000 0.00024967
17.90000000 0.00021021
18.00000000 0.00018199
18.10000000 0.00015836
18.20000000 0.00013529
18.30000000 0.00011300
18.40000000 0.00009199
18.50000000 0.00008145
18.60000000 0.00006918
18.70000000 0.00005864
18.80000000 0.00004933
18.90000000 0.00004022
19.00000000 0.00003433
19.10000000 0.00002885
19.20000000 0.00002435
19.30000000 0.00002075
19.40000000 0.00001606
19.50000000 0.00001384
19.60000000 0.00001204
19.70000000 0.00000870
19.80000000 0.00000773
19.90000000 0.00000533
20.00000000 0.00000506
