0.100000 0.000000
0.200000 0.000000
0.300000 0.000000
0.400000 0.000000
0.500000 0.024635
0.600000 0.424866
0.700000 1.053789
0.800000 1.229763
0.900000 0.760424
1.000000 0.888180
1.100000 0.942196
1.200000 0.776849
1.300000 0.726553
1.400000 0.744048
1.500000 0.747224
1.600000 0.763550
1.700000 0.786252
1.800000 0.787095
1.900000 0.781422
2.000000 0.781996
2.100000 0.783187
2.200000 0.776558
2.300000 0.768402
2.400000 0.759533
2.500000 0.752071
2.600000 0.743011
2.700000 0.735952
2.800000 0.727498
2.900000 0.718046
3.000000 0.710433
3.100000 0.701035
3.200000 0.692759
3.300000 0.684539
3.400000 0.676361
3.500000 0.669002
3.600000 0.661293
3.700000 0.653750
3.800000 0.646517
3.900000 0.639171
4.000000 0.631071
4.100000 0.624172
4.200000 0.616180
4.300000 0.609002
4.400000 0.601929
4.500000 0.594325
4.600000 0.586674
4.700000 0.578612
4.800000 0.571481
4.900000 0.563642
5.000000 0.556295
5.100000 0.549015
5.200000 0.541187
5.300000 0.533536
5.400000 0.526245
5.500000 0.518565
5.600000 0.511194
5.700000 0.503912
5.800000 0.496457
5.900000 0.489416
6.000000 0.481992
6.100000 0.475020
6.200000 0.467524
6.300000 0.460709
6.400000 0.453202
6.500000 0.446399
6.600000 0.439142
6.700000 0.431850
6.800000 0.425079
6.900000 0.418157
7.000000 0.411129
7.100000 0.404353
7.200000 0.397373
7.300000 0.390318
7.400000 0.383590
7.500000 0.376875
7.600000 0.370076
7.700000 0.363489
7.800000 0.356886
7.900000 0.350250
8.000000 0.343767
8.100000 0.337165
8.200000 0.330794
8.300000 0.324365
8.400000 0.318183
8.500000 0.311583
8.600000 0.305294
8.700000 0.299121
8.800000 0.292842
8.900000 0.286932
9.000000 0.280620
9.100000 0.274628
9.200000 0.268645
9.300000 0.262702
9.400000 0.256823
9.500000 0.250968
9.600000 0.245346
9.700000 0.239663
9.800000 0.233813
9.900000 0.228203
10.000000 0.222713
10.100000 0.217162
10.200000 0.211631
10.300000 0.206346
10.400000 0.200961
10.500000 0.195690
10.600000 0.190570
10.700000 0.185319
10.800000 0.180250
10.900000 0.175231
11.000000 0.170261
11.100000 0.165396
11.200000 0.160557
11.300000 0.155705
11.400000 0.151075
11.500000 0.146506
11.600000 0.141864
11.700000 0.137341
11.800000 0.132898
11.900000 0.128499
12.000000 0.124175
12.100000 0.119974
12.200000 0.115760
12.300000 0.111655
12.400000 0.107605
12.500000 0.103689
12.600000 0.099829
12.700000 0.095984
12.800000 0.092279
12.900000 0.088572
13.000000 0.084992
13.100000 0.081458
13.200000 0.078062
13.300000 0.074737
13.400000 0.071474
13.500000 0.068267
13.600000 0.065081
13.700000 0.062107
13.800000 0.059136
13.900000 0.056276
14.000000 0.053489
14.100000 0.050742
14.200000 0.048078
14.300000 0.045557
14.400000 0.043053
14.500000 0.040680
14.600000 0.038354
14.700000 0.036142
14.800000 0.033943
14.900000 0.031909
15.000000 0.029917
15.100000 0.028005
15.200000 0.026173
15.300000 0.024441
15.400000 0.022792
15.500000 0.021185
15.600000 0.019675
15.700000 0.018256
15.800000 0.016858
15.900000 0.015580
16.000000 0.014344
16.100000 0.013232
16.200000 0.012133
16.300000 0.011109
16.400000 0.010180
16.500000 0.009280
16.600000 0.008458
16.700000 0.007676
16.800000 0.006954
16.900000 0.006302
17.000000 0.005679
17.100000 0.005126
17.200000 0.004589
17.300000 0.004126
17.400000 0.003684
17.500000 0.003294
17.600000 0.002929
17.700000 0.002599
17.800000 0.002308
17.900000 0.002035
18.000000 0.001800
18.100000 0.001583
18.200000 0.001392
18.300000 0.001222
18.400000 0.001064
18.500000 0.000933
18.600000 0.000810
18.700000 0.000701
18.800000 0.000611
18.900000 0.000531
19.000000 0.000457
19.100000 0.000393
19.200000 0.000337
19.300000 0.000290
19.400000 0.000246
19.500000 0.000213
19.600000 0.000181
19.700000 0.000153
19.800000 0.000131
19.900000 0.000111
20.000000 0.000096
