0.100000 0.000000
0.200000 0.000000
0.300000 0.000000
0.400000 0.000000
0.500000 0.000000
0.600000 0.094647
0.700000 0.886897
0.800000 1.214222
0.900000 0.770968
1.000000 0.877163
1.100000 0.969579
1.200000 0.836729
1.300000 0.795467
1.400000 0.809921
1.500000 0.755700
1.600000 0.717110
1.700000 0.747494
1.800000 0.782522
1.900000 0.805272
2.000000 0.808749
2.100000 0.797059
2.200000 0.782621
2.300000 0.768347
2.400000 0.763078
2.500000 0.755622
2.600000 0.748421
2.700000 0.739453
2.800000 0.730113
2.900000 0.720353
3.000000 0.709867
3.100000 0.701531
3.200000 0.692057
3.300000 0.684685
3.400000 0.676576
3.500000 0.669721
3.600000 0.661754
3.700000 0.654694
3.800000 0.646264
3.900000 0.638754
4.000000 0.630740
4.100000 0.623062
4.200000 0.615901
4.300000 0.608511
4.400000 0.600950
4.500000 0.593802
4.600000 0.585622
4.700000 0.578323
4.800000 0.570436
4.900000 0.562590
5.000000 0.555678
5.100000 0.547540
5.200000 0.540004
5.300000 0.532823
5.400000 0.525640
5.500000 0.517903
5.600000 0.510643
5.700000 0.502479
5.800000 0.495339
5.900000 0.488596
6.000000 0.481071
6.100000 0.473992
6.200000 0.466798
6.300000 0.459783
6.400000 0.452520
6.500000 0.445578
6.600000 0.438534
6.700000 0.431334
6.800000 0.424289
6.900000 0.417207
7.000000 0.410195
7.100000 0.403351
7.200000 0.396606
7.300000 0.390150
7.400000 0.383071
7.500000 0.375883
7.600000 0.369451
7.700000 0.362694
7.800000 0.356169
7.900000 0.349911
8.000000 0.343076
8.100000 0.336689
8.200000 0.330256
8.300000 0.323875
8.400000 0.317489
8.500000 0.311055
8.600000 0.304950
8.700000 0.298699
8.800000 0.292551
8.900000 0.286238
9.000000 0.280468
9.100000 0.274240
9.200000 0.268151
9.300000 0.262492
9.400000 0.256524
9.500000 0.250718
9.600000 0.244915
9.700000 0.239293
9.800000 0.233493
9.900000 0.227885
10.000000 0.222497
10.100000 0.216966
10.200000 0.211415
10.300000 0.206048
10.400000 0.200844
10.500000 0.195395
10.600000 0.190460
10.700000 0.185155
10.800000 0.180228
10.900000 0.175058
11.000000 0.170159
11.100000 0.165200
11.200000 0.160472
11.300000 0.155742
11.400000 0.150969
11.500000 0.146321
11.600000 0.141829
11.700000 0.137346
11.800000 0.132840
11.900000 0.128574
12.000000 0.124280
12.100000 0.119876
12.200000 0.115820
12.300000 0.111744
12.400000 0.107753
12.500000 0.103792
12.600000 0.099846
12.700000 0.096070
12.800000 0.092276
12.900000 0.088744
13.000000 0.085141
13.100000 0.081622
13.200000 0.078238
13.300000 0.074804
13.400000 0.071578
13.500000 0.068413
13.600000 0.065253
13.700000 0.062332
13.800000 0.059312
13.900000 0.056408
14.000000 0.053653
14.100000 0.050946
14.200000 0.048236
14.300000 0.045723
14.400000 0.043232
14.500000 0.040823
14.600000 0.038514
14.700000 0.036327
14.800000 0.034160
14.900000 0.032087
15.000000 0.030106
15.100000 0.028172
15.200000 0.026329
15.300000 0.024619
15.400000 0.022929
15.500000 0.021343
15.600000 0.019865
15.700000 0.018382
15.800000 0.017024
15.900000 0.015733
16.000000 0.014488
16.100000 0.013329
16.200000 0.012269
16.300000 0.011238
16.400000 0.010285
16.500000 0.009389
16.600000 0.008552
16.700000 0.007770
16.800000 0.007057
16.900000 0.006374
17.000000 0.005762
17.100000 0.005194
17.200000 0.004660
17.300000 0.004184
17.400000 0.003748
17.500000 0.003341
17.600000 0.002980
17.700000 0.002639
17.800000 0.002349
17.900000 0.002073
18.000000 0.001827
18.100000 0.001615
18.200000 0.001414
18.300000 0.001242
18.400000 0.001085
18.500000 0.000951
18.600000 0.000823
18.700000 0.000717
18.800000 0.000625
18.900000 0.000537
19.000000 0.000465
19.100000 0.000401
19.200000 0.000347
19.300000 0.000293
19.400000 0.000254
19.500000 0.000214
19.600000 0.000187
19.700000 0.000156
19.800000 0.000134
19.900000 0.000115
20.000000 0.000097
