0.100000 0.000000
0.200000 0.000000
0.300000 0.000000
0.400000 0.000000
0.500000 0.000000
0.600000 0.000000
0.700000 0.000023
0.800000 0.065144
0.900000 0.692703
1.000000 1.659737
1.100000 0.643396
1.200000 0.467427
1.300000 0.643230
1.400000 0.854317
1.500000 0.813108
1.600000 0.657468
1.700000 0.754151
1.800000 0.876432
1.900000 0.928255
2.000000 0.891288
2.100000 0.870468
2.200000 0.880248
2.300000 0.878074
2.400000 0.854858
2.500000 0.827436
2.600000 0.817699
2.700000 0.811818
2.800000 0.797438
2.900000 0.783413
3.000000 0.769545
3.100000 0.759371
3.200000 0.750075
3.300000 0.739756
3.400000 0.730251
3.500000 0.723488
3.600000 0.715659
3.700000 0.707888
3.800000 0.699110
3.900000 0.690953
4.000000 0.681943
4.100000 0.674800
4.200000 0.666713
4.300000 0.657803
4.400000 0.649563
4.500000 0.641600
4.600000 0.632213
4.700000 0.624059
4.800000 0.614066
4.900000 0.606216
5.000000 0.597888
5.100000 0.589421
5.200000 0.580434
5.300000 0.572190
5.400000 0.563839
5.500000 0.555355
5.600000 0.546889
5.700000 0.538661
5.800000 0.529538
5.900000 0.521617
6.000000 0.513854
6.100000 0.505616
6.200000 0.498193
6.300000 0.490107
6.400000 0.482324
6.500000 0.474100
6.600000 0.466781
6.700000 0.458692
6.800000 0.450667
6.900000 0.442761
7.000000 0.434610
7.100000 0.427160
7.200000 0.418970
7.300000 0.411838
7.400000 0.404025
7.500000 0.396357
7.600000 0.389237
7.700000 0.381648
7.800000 0.374584
7.900000 0.367302
8.000000 0.359519
8.100000 0.352871
8.200000 0.345374
8.300000 0.338536
8.400000 0.331166
8.500000 0.324341
8.600000 0.317700
8.700000 0.310895
8.800000 0.303613
8.900000 0.296949
9.000000 0.290180
9.100000 0.283771
9.200000 0.276917
9.300000 0.270448
9.400000 0.263944
9.500000 0.257469
9.600000 0.251342
9.700000 0.245158
9.800000 0.238699
9.900000 0.232296
10.000000 0.226426
10.100000 0.220455
10.200000 0.214318
10.300000 0.208630
10.400000 0.202847
10.500000 0.197265
10.600000 0.191447
10.700000 0.185936
10.800000 0.180369
10.900000 0.174977
11.000000 0.169488
11.100000 0.164406
11.200000 0.158928
11.300000 0.153825
11.400000 0.148719
11.500000 0.143664
11.600000 0.138842
11.700000 0.133937
11.800000 0.129403
11.900000 0.124717
12.000000 0.120161
12.100000 0.115530
12.200000 0.111147
12.300000 0.106857
12.400000 0.102542
12.500000 0.098405
12.600000 0.094249
12.700000 0.090281
12.800000 0.086288
12.900000 0.082576
13.000000 0.078768
13.100000 0.075160
13.200000 0.071620
13.300000 0.068131
13.400000 0.064832
13.500000 0.061448
13.600000 0.058306
13.700000 0.055215
13.800000 0.052250
13.900000 0.049339
14.000000 0.046549
14.100000 0.043779
14.200000 0.041190
14.300000 0.038613
14.400000 0.036229
14.500000 0.033873
14.600000 0.031644
14.700000 0.029500
14.800000 0.027386
14.900000 0.025488
15.000000 0.023585
15.100000 0.021795
15.200000 0.020108
15.300000 0.018507
15.400000 0.016997
15.500000 0.015573
15.600000 0.014242
15.700000 0.012961
15.800000 0.011770
15.900000 0.010665
16.000000 0.009693
16.100000 0.008715
16.200000 0.007844
16.300000 0.007057
16.400000 0.006289
16.500000 0.005604
16.600000 0.004998
16.700000 0.004406
16.800000 0.003888
16.900000 0.003429
17.000000 0.003019
17.100000 0.002622
17.200000 0.002295
17.300000 0.001992
17.400000 0.001721
17.500000 0.001481
17.600000 0.001271
17.700000 0.001096
17.800000 0.000930
17.900000 0.000791
18.000000 0.000669
18.100000 0.000568
18.200000 0.000479
18.300000 0.000403
18.400000 0.000341
18.500000 0.000279
18.600000 0.000232
18.700000 0.000192
18.800000 0.000157
18.900000 0.000130
19.000000 0.000106
19.100000 0.000087
19.200000 0.000069
19.300000 0.000059
19.400000 0.000047
19.500000 0.000038
19.600000 0.000031
19.700000 0.000025
19.800000 0.000018
19.900000 0.000015
20.000000 0.000012
