0.10000000 0.00000000
0.20000000 0.00000000
0.30000000 0.00000000
0.40000000 0.00000000
0.50000000 7.41454000
0.60000000 127.58174000
0.70000000 315.57064000
0.80000000 347.58340000
0.90000000 162.79232000
1.00000000 199.41180000
1.10000000 212.71756000
1.20000000 155.52108000
1.30000000 136.68486000
1.40000000 139.55322000
1.50000000 136.99920000
1.60000000 133.95240000
1.70000000 132.54076000
1.80000000 125.68708000
1.90000000 116.83542000
2.00000000 112.76076000
2.10000000 109.79134000
2.20000000 105.29586000
2.30000000 100.46702000
2.40000000 95.57640000
2.50000000 90.49372000
2.60000000 85.80010000
2.70000000 81.52404000
2.80000000 77.13304000
2.90000000 72.99458000
3.00000000 69.22204000
3.10000000 65.37264000
3.20000000 61.73198000
3.30000000 58.17386000
3.40000000 54.88042000
3.50000000 51.62274000
3.60000000 48.67098000
3.70000000 45.75476000
3.80000000 43.04378000
3.90000000 40.44680000
4.00000000 37.99940000
4.10000000 35.52822000
4.20000000 33.26136000
4.30000000 31.12030000
4.40000000 29.05984000
4.50000000 27.00662000
4.60000000 25.18142000
4.70000000 23.49812000
4.80000000 21.78528000
4.90000000 20.18632000
5.00000000 18.72788000
5.10000000 17.30884000
5.20000000 15.99336000
5.30000000 14.77618000
5.40000000 13.59638000
5.50000000 12.52306000
5.60000000 11.52332000
5.70000000 10.57516000
5.80000000 9.68696000
5.90000000 8.89870000
6.00000000 8.14456000
6.10000000 7.44552000
6.20000000 6.80460000
6.30000000 6.19726000
6.40000000 5.67644000
6.50000000 5.15830000
6.60000000 4.70620000
6.70000000 4.28096000
6.80000000 3.90524000
6.90000000 3.56610000
7.00000000 3.24992000
7.10000000 2.95628000
7.20000000 2.70234000
7.30000000 2.46000000
7.40000000 2.25588000
7.50000000 2.05836000
7.60000000 1.88928000
7.70000000 1.74636000
7.80000000 1.60702000
7.90000000 1.48784000
8.00000000 1.38464000
8.10000000 1.29402000
8.20000000 1.21000000
8.30000000 1.13466000
8.40000000 1.07404000
8.50000000 1.02010000
8.60000000 0.97074000
8.70000000 0.93054000
8.80000000 0.89554000
8.90000000 0.86654000
9.00000000 0.84146000
9.10000000 0.82078000
9.20000000 0.80326000
9.30000000 0.78156000
9.40000000 0.77840000
9.50000000 0.76248000
9.60000000 0.75742000
9.70000000 0.75258000
9.80000000 0.74728000
9.90000000 0.74582000
10.00000000 0.74380000
10.10000000 0.73904000
10.20000000 0.73538000
10.30000000 0.73980000
10.40000000 0.73958000
10.50000000 0.73970000
10.60000000 0.74290000
10.70000000 0.74164000
10.80000000 0.74344000
10.90000000 0.74524000
11.00000000 0.74816000
11.10000000 0.75092000
11.20000000 0.75318000
11.30000000 0.75572000
11.40000000 0.75910000
11.50000000 0.76396000
11.60000000 0.76808000
11.70000000 0.76772000
11.80000000 0.77324000
11.90000000 0.77722000
12.00000000 0.77996000
12.10000000 0.78280000
12.20000000 0.78582000
12.30000000 0.78844000
12.40000000 0.79068000
12.50000000 0.79234000
12.60000000 0.79594000
12.70000000 0.79860000
12.80000000 0.80526000
12.90000000 0.80482000
13.00000000 0.81276000
13.10000000 0.81450000
13.20000000 0.81970000
13.30000000 0.82128000
13.40000000 0.82482000
13.50000000 0.82784000
13.60000000 0.83030000
13.70000000 0.83604000
13.80000000 0.83784000
13.90000000 0.84044000
14.00000000 0.84618000
14.10000000 0.84672000
14.20000000 0.84924000
14.30000000 0.85340000
14.40000000 0.85526000
14.50000000 0.85754000
14.60000000 0.86272000
14.70000000 0.86288000
14.80000000 0.86624000
14.90000000 0.86944000
15.00000000 0.87220000
15.10000000 0.87552000
15.20000000 0.87954000
15.30000000 0.87912000
15.40000000 0.88014000
15.50000000 0.88328000
15.60000000 0.88414000
15.70000000 0.88642000
15.80000000 0.88664000
15.90000000 0.88856000
16.00000000 0.89032000
16.10000000 0.89250000
16.20000000 0.89058000
16.30000000 0.89386000
16.40000000 0.89346000
16.50000000 0.89644000
16.60000000 0.89600000
16.70000000 0.89710000
16.80000000 0.89918000
16.90000000 0.89894000
17.00000000 0.89964000
17.10000000 0.89904000
17.20000000 0.89934000
17.30000000 0.90136000
17.40000000 0.90080000
17.50000000 0.90022000
17.60000000 0.90114000
17.70000000 0.90054000
17.80000000 0.90376000
17.90000000 0.90210000
18.00000000 0.90312000
18.10000000 0.90586000
18.20000000 0.90408000
18.30000000 0.90192000
18.40000000 0.90400000
18.50000000 0.90322000
18.60000000 0.90244000
18.70000000 0.90276000
18.80000000 0.90062000
18.90000000 0.90110000
19.00000000 0.90150000
19.10000000 0.90230000
19.20000000 0.90306000
19.30000000 0.90110000
19.40000000 0.89988000
19.50000000 0.90296000
19.60000000 0.90190000
19.70000000 0.90056000
19.80000000 0.90322000
19.90000000 0.90152000
20.00000000 0.90176000
