0.100000 0.000000
0.200000 0.000000
0.300000 0.000000
0.400000 0.000000
0.500000 0.000000
0.600000 0.316740
0.700000 23.708240
0.800000 33.865680
0.900000 43.655880
1.000000 46.657840
1.100000 45.093360
1.200000 42.011920
1.300000 37.726280
1.400000 33.566660
1.500000 30.299160
1.600000 27.627740
1.700000 25.330860
1.800000 23.401140
1.900000 21.698180
2.000000 20.073760
2.100000 18.511400
2.200000 17.046000
2.300000 15.668920
2.400000 14.508160
2.500000 13.398000
2.600000 12.431000
2.700000 11.536400
2.800000 10.733180
2.900000 9.920900
3.000000 9.172540
3.100000 8.468900
3.200000 7.815480
3.300000 7.200160
3.400000 6.622120
3.500000 6.091520
3.600000 5.600840
3.700000 5.133840
3.800000 4.715860
3.900000 4.310600
4.000000 3.951700
4.100000 3.610360
4.200000 3.294260
4.300000 3.004840
4.400000 2.744440
4.500000 2.500940
4.600000 2.273600
4.700000 2.066320
4.800000 1.879720
4.900000 1.702480
5.000000 1.542620
5.100000 1.398760
5.200000 1.263440
5.300000 1.142820
5.400000 1.029040
5.500000 0.926420
5.600000 0.837600
5.700000 0.750360
5.800000 0.673320
5.900000 0.605740
6.000000 0.541560
6.100000 0.483480
6.200000 0.432540
6.300000 0.386260
6.400000 0.344180
6.500000 0.306440
6.600000 0.271880
6.700000 0.241820
6.800000 0.214620
6.900000 0.189540
7.000000 0.167620
7.100000 0.148540
7.200000 0.130400
7.300000 0.115160
7.400000 0.101420
7.500000 0.088880
7.600000 0.077740
7.700000 0.068760
7.800000 0.059300
7.900000 0.052240
8.000000 0.045880
8.100000 0.039720
8.200000 0.034560
8.300000 0.030240
8.400000 0.026040
8.500000 0.022840
8.600000 0.019560
8.700000 0.016960
8.800000 0.014660
8.900000 0.012740
9.000000 0.010840
9.100000 0.009320
9.200000 0.008060
9.300000 0.007040
9.400000 0.005880
9.500000 0.005100
9.600000 0.004380
9.700000 0.003780
9.800000 0.003160
9.900000 0.002680
10.000000 0.002340
10.100000 0.001960
10.200000 0.001640
10.300000 0.001380
10.400000 0.001180
10.500000 0.001020
10.600000 0.000820
10.700000 0.000620
10.800000 0.000620
10.900000 0.000460
11.000000 0.000400
11.100000 0.000380
11.200000 0.000280
11.300000 0.000220
11.400000 0.000200
11.500000 0.000200
11.600000 0.000100
11.700000 0.000100
11.800000 0.000100
11.900000 0.000100
12.000000 0.000100
12.100000 0.000000
12.200000 0.000020
12.300000 0.000000
12.400000 0.000000
12.500000 0.000000
12.600000 0.000000
12.700000 0.000000
12.800000 0.000000
12.900000 0.000000
13.000000 0.000000
13.100000 0.000000
13.200000 0.000000
13.300000 0.000000
13.400000 0.000000
13.500000 0.000000
13.600000 0.000000
13.700000 0.000000
13.800000 0.000000
13.900000 0.000000
14.000000 0.000000
14.100000 0.000000
14.200000 0.000000
14.300000 0.000000
14.400000 0.000000
14.500000 0.000000
14.600000 0.000000
14.700000 0.000000
14.800000 0.000000
14.900000 0.000000
15.000000 0.000000
15.100000 0.000000
15.200000 0.000000
15.300000 0.000000
15.400000 0.000000
15.500000 0.000000
15.600000 0.000000
15.700000 0.000000
15.800000 0.000000
15.900000 0.000000
16.000000 0.000000
16.100000 0.000000
16.200000 0.000000
16.300000 0.000000
16.400000 0.000000
16.500000 0.000000
16.600000 0.000000
16.700000 0.000000
16.800000 0.000000
16.900000 0.000000
17.000000 0.000000
17.100000 0.000000
17.200000 0.000000
17.300000 0.000000
17.400000 0.000000
17.500000 0.000000
17.600000 0.000000
17.700000 0.000000
17.800000 0.000000
17.900000 0.000000
18.000000 0.000000
18.100000 0.000000
18.200000 0.000000
18.300000 0.000000
18.400000 0.000000
18.500000 0.000000
18.600000 0.000000
18.700000 0.000000
18.800000 0.000000
18.900000 0.000000
19.000000 0.000000
19.100000 0.000000
19.200000 0.000000
19.300000 0.000000
19.400000 0.000000
19.500000 0.000000
19.600000 0.000000
19.700000 0.000000
19.800000 0.000000
19.900000 0.000000
20.000000 0.000000
