0.10000000 0.00000000
0.20000000 0.00000000
0.30000000 0.00000000
0.40000000 0.00000000
0.50000000 0.00000000
0.60000000 0.00087212
0.70000000 0.12180386
0.80000000 0.53914920
0.90000000 0.89149604
1.00000000 1.06927208
1.10000000 1.12153058
1.20000000 1.10237237
1.30000000 1.04062799
1.40000000 0.97389166
1.50000000 0.92650757
1.60000000 0.89630271
1.70000000 0.87255898
1.80000000 0.85609515
1.90000000 0.83828222
2.00000000 0.82223105
2.10000000 0.80471223
2.20000000 0.78946533
2.30000000 0.77655617
2.40000000 0.76723515
2.50000000 0.75973325
2.60000000 0.75751618
2.70000000 0.75440914
2.80000000 0.74969756
2.90000000 0.74425544
3.00000000 0.73771601
3.10000000 0.73084061
3.20000000 0.72236650
3.30000000 0.71505084
3.40000000 0.70635499
3.50000000 0.69883412
3.60000000 0.69092515
3.70000000 0.68282005
3.80000000 0.67400438
3.90000000 0.66478639
4.00000000 0.65648039
4.10000000 0.64818995
4.20000000 0.63941782
4.30000000 0.63147337
4.40000000 0.62401310
4.50000000 0.61509930
4.60000000 0.60710090
4.70000000 0.59932738
4.80000000 0.59096130
4.90000000 0.58301898
5.00000000 0.57538772
5.10000000 0.56736352
5.20000000 0.55960455
5.30000000 0.55192766
5.40000000 0.54433840
5.50000000 0.53617349
5.60000000 0.52814743
5.70000000 0.52067927
5.80000000 0.51340438
5.90000000 0.50534564
6.00000000 0.49750432
6.10000000 0.48975964
6.20000000 0.48250149
6.30000000 0.47436898
6.40000000 0.46669204
6.50000000 0.45931247
6.60000000 0.45160771
6.70000000 0.44441538
6.80000000 0.43663840
6.90000000 0.42963678
7.00000000 0.42226547
7.10000000 0.41521637
7.20000000 0.40775839
7.30000000 0.40082975
7.40000000 0.39363919
7.50000000 0.38648199
7.60000000 0.37927954
7.70000000 0.37249017
7.80000000 0.36531298
7.90000000 0.35845566
8.00000000 0.35154711
8.10000000 0.34463196
8.20000000 0.33761963
8.30000000 0.33114293
8.40000000 0.32420064
8.50000000 0.31773913
8.60000000 0.31112241
8.70000000 0.30466741
8.80000000 0.29821235
8.90000000 0.29159685
9.00000000 0.28534028
9.10000000 0.27894967
9.20000000 0.27269161
9.30000000 0.26644661
9.40000000 0.26022277
9.50000000 0.25429294
9.60000000 0.24807907
9.70000000 0.24230003
9.80000000 0.23624255
9.90000000 0.23032642
10.00000000 0.22454610
10.10000000 0.21892062
10.20000000 0.21314265
10.30000000 0.20736974
10.40000000 0.20199521
10.50000000 0.19654520
10.60000000 0.19103842
10.70000000 0.18570226
10.80000000 0.18040944
10.90000000 0.17514769
11.00000000 0.16985338
11.10000000 0.16479950
11.20000000 0.15987947
11.30000000 0.15486781
11.40000000 0.15000513
11.50000000 0.14519207
11.60000000 0.14048449
11.70000000 0.13578577
11.80000000 0.13117637
11.90000000 0.12655856
12.00000000 0.12224531
12.10000000 0.11778702
12.20000000 0.11350858
12.30000000 0.10928119
12.40000000 0.10515098
12.50000000 0.10115268
12.60000000 0.09716676
12.70000000 0.09329809
12.80000000 0.08946013
12.90000000 0.08574934
13.00000000 0.08209868
13.10000000 0.07846800
13.20000000 0.07497746
13.30000000 0.07160594
13.40000000 0.06823622
13.50000000 0.06502754
13.60000000 0.06181149
13.70000000 0.05876052
13.80000000 0.05576600
13.90000000 0.05287238
14.00000000 0.05008754
14.10000000 0.04737855
14.20000000 0.04472324
14.30000000 0.04215513
14.40000000 0.03972171
14.50000000 0.03734783
14.60000000 0.03500427
14.70000000 0.03285735
14.80000000 0.03077316
14.90000000 0.02872857
15.00000000 0.02678606
15.10000000 0.02494972
15.20000000 0.02320250
15.30000000 0.02149499
15.40000000 0.01989862
15.50000000 0.01838427
15.60000000 0.01697216
15.70000000 0.01561873
15.80000000 0.01432399
15.90000000 0.01313223
16.00000000 0.01199403
16.10000000 0.01094389
16.20000000 0.00996176
16.30000000 0.00904774
16.40000000 0.00819258
16.50000000 0.00741129
16.60000000 0.00667157
16.70000000 0.00597871
16.80000000 0.00537896
16.90000000 0.00478747
17.00000000 0.00428729
17.10000000 0.00381281
17.20000000 0.00338613
17.30000000 0.00298866
17.40000000 0.00263522
17.50000000 0.00232234
17.60000000 0.00203398
17.70000000 0.00178309
17.80000000 0.00155336
17.90000000 0.00135146
18.00000000 0.00117460
18.10000000 0.00101097
18.20000000 0.00087462
18.30000000 0.00075123
18.40000000 0.00064777
18.50000000 0.00055199
18.60000000 0.00046868
18.70000000 0.00040152
18.80000000 0.00034161
18.90000000 0.00028980
19.00000000 0.00024647
19.10000000 0.00020825
19.20000000 0.00017499
19.30000000 0.00014695
19.40000000 0.00012371
19.50000000 0.00010308
19.60000000 0.00008571
19.70000000 0.00007217
19.80000000 0.00006034
19.90000000 0.00004936
20.00000000 0.00004158
