0.100000 0.000000
0.200000 0.000000
0.300000 0.000000
0.400000 0.000000
0.500000 5.704020
0.600000 99.033560
0.700000 248.646320
0.800000 263.897560
0.900000 87.359780
1.000000 114.860280
1.100000 124.620660
1.200000 75.411380
1.300000 58.262860
1.400000 60.535220
1.500000 56.766140
1.600000 51.747080
1.700000 47.688060
1.800000 39.112340
1.900000 29.690340
2.000000 25.474140
2.100000 23.658840
2.200000 21.254880
2.300000 18.910040
2.400000 16.683320
2.500000 14.595900
2.600000 12.777580
2.700000 11.276140
2.800000 10.029600
2.900000 8.818700
3.000000 7.921940
3.100000 7.056780
3.200000 6.255400
3.300000 5.557680
3.400000 4.906600
3.500000 4.331580
3.600000 3.874500
3.700000 3.515500
3.800000 3.134620
3.900000 2.866260
4.000000 2.587240
4.100000 2.353380
4.200000 2.173580
4.300000 2.002280
4.400000 1.838840
4.500000 1.693800
4.600000 1.592460
4.700000 1.497460
4.800000 1.416220
4.900000 1.333100
5.000000 1.282180
5.100000 1.221180
5.200000 1.186480
5.300000 1.144840
5.400000 1.119240
5.500000 1.092020
5.600000 1.074580
5.700000 1.057680
5.800000 1.043880
5.900000 1.023540
6.000000 1.014200
6.100000 1.001340
6.200000 0.998140
6.300000 0.988080
6.400000 0.993840
6.500000 0.986780
6.600000 0.977140
6.700000 0.973020
6.800000 0.976180
6.900000 0.982300
7.000000 0.979640
7.100000 0.984580
7.200000 0.982940
7.300000 0.983300
7.400000 0.989000
7.500000 0.987520
7.600000 0.988580
7.700000 0.995360
7.800000 0.987300
7.900000 0.985700
8.000000 0.989660
8.100000 0.992080
8.200000 0.990940
8.300000 0.982540
8.400000 0.986180
8.500000 0.992600
8.600000 0.990540
8.700000 0.988080
8.800000 0.991460
8.900000 0.991560
9.000000 0.991660
9.100000 0.997320
9.200000 0.992180
9.300000 0.996100
9.400000 0.991960
9.500000 0.997060
9.600000 0.994300
9.700000 0.994060
9.800000 0.992360
9.900000 0.993640
10.000000 0.996640
10.100000 0.994820
10.200000 0.994980
10.300000 0.997920
10.400000 0.997420
10.500000 0.994700
10.600000 0.998600
10.700000 0.997440
10.800000 1.001660
10.900000 0.998920
11.000000 0.993440
11.100000 0.999560
11.200000 0.997780
11.300000 0.997000
11.400000 0.999720
11.500000 0.998100
11.600000 0.997180
11.700000 0.998160
11.800000 1.003200
11.900000 0.995860
12.000000 0.996400
12.100000 0.996820
12.200000 1.000500
12.300000 0.998480
12.400000 1.001680
12.500000 1.000280
12.600000 0.999140
12.700000 0.997620
12.800000 0.998200
12.900000 0.998000
13.000000 0.998700
13.100000 0.996880
13.200000 0.996680
13.300000 0.996500
13.400000 0.993820
13.500000 0.994920
13.600000 0.994180
13.700000 0.993800
13.800000 0.992560
13.900000 0.993240
14.000000 0.995460
14.100000 0.993980
14.200000 0.997680
14.300000 0.995940
14.400000 0.993620
14.500000 0.998980
14.600000 0.999240
14.700000 0.998100
14.800000 0.995840
14.900000 0.996660
15.000000 0.999620
15.100000 1.001540
15.200000 0.998860
15.300000 0.997800
15.400000 0.997700
15.500000 0.997720
15.600000 0.997860
15.700000 1.002940
15.800000 0.998760
15.900000 0.997100
16.000000 0.998700
16.100000 0.998740
16.200000 0.997840
16.300000 1.001660
16.400000 0.995960
16.500000 0.996940
16.600000 0.998140
16.700000 1.000180
16.800000 0.996580
16.900000 0.998880
17.000000 0.996440
17.100000 0.997760
17.200000 0.994320
17.300000 0.994240
17.400000 0.994480
17.500000 0.995620
17.600000 0.993720
17.700000 0.995060
17.800000 0.992960
17.900000 0.994700
18.000000 0.998560
18.100000 0.993860
18.200000 0.994820
18.300000 0.996060
18.400000 0.992800
18.500000 0.995060
18.600000 0.996260
18.700000 0.995460
18.800000 0.996040
18.900000 0.999960
19.000000 0.996080
19.100000 0.994900
19.200000 0.995200
19.300000 0.994420
19.400000 0.996080
19.500000 0.995160
19.600000 0.997400
19.700000 0.995960
19.800000 0.996980
19.900000 0.997300
20.000000 0.997100
