0.10000000 0.00000000
0.20000000 0.00000000
0.30000000 0.00000000
0.40000000 0.00000000
0.50000000 0.00000000
0.60000000 0.00000000
0.70000000 0.61988000
0.80000000 57.67940000
0.90000000 208.88670000
1.00000000 276.22128000
1.10000000 273.50006000
1.20000000 250.80424000
1.30000000 227.18808000
1.40000000 206.41526000
1.50000000 190.29930000
1.60000000 179.70890000
1.70000000 170.73862000
1.80000000 162.35072000
1.90000000 152.00758000
2.00000000 142.38586000
2.10000000 133.64726000
2.20000000 125.91394000
2.30000000 119.43408000
2.40000000 113.82320000
2.50000000 108.32192000
2.60000000 103.59094000
2.70000000 98.94490000
2.80000000 94.04594000
2.90000000 89.10514000
3.00000000 84.52310000
3.10000000 79.99682000
3.20000000 75.68746000
3.30000000 71.48160000
3.40000000 67.22724000
3.50000000 63.27574000
3.60000000 59.46852000
3.70000000 55.73536000
3.80000000 52.10682000
3.90000000 48.78858000
4.00000000 45.58106000
4.10000000 42.56602000
4.20000000 39.62374000
4.30000000 36.82292000
4.40000000 34.27802000
4.50000000 31.72746000
4.60000000 29.42468000
4.70000000 27.24498000
4.80000000 25.17592000
4.90000000 23.18674000
5.00000000 21.36516000
5.10000000 19.60738000
5.20000000 18.04654000
5.30000000 16.54668000
5.40000000 15.16632000
5.50000000 13.84498000
5.60000000 12.63410000
5.70000000 11.49644000
5.80000000 10.49996000
5.90000000 9.53150000
6.00000000 8.63634000
6.10000000 7.82682000
6.20000000 7.08148000
6.30000000 6.39622000
6.40000000 5.77570000
6.50000000 5.20096000
6.60000000 4.69130000
6.70000000 4.22740000
6.80000000 3.80672000
6.90000000 3.41530000
7.00000000 3.08230000
7.10000000 2.76246000
7.20000000 2.49028000
7.30000000 2.24930000
7.40000000 2.03656000
7.50000000 1.82910000
7.60000000 1.67974000
7.70000000 1.52214000
7.80000000 1.38280000
7.90000000 1.27256000
8.00000000 1.17182000
8.10000000 1.08100000
8.20000000 1.00828000
8.30000000 0.94642000
8.40000000 0.88292000
8.50000000 0.84232000
8.60000000 0.80136000
8.70000000 0.76476000
8.80000000 0.74052000
8.90000000 0.71482000
9.00000000 0.69618000
9.10000000 0.67732000
9.20000000 0.67250000
9.30000000 0.66228000
9.40000000 0.65676000
9.50000000 0.64886000
9.60000000 0.64844000
9.70000000 0.64238000
9.80000000 0.63980000
9.90000000 0.64096000
10.00000000 0.64386000
10.10000000 0.64312000
10.20000000 0.64928000
10.30000000 0.64650000
10.40000000 0.65206000
10.50000000 0.65582000
10.60000000 0.65824000
10.70000000 0.66274000
10.80000000 0.66992000
10.90000000 0.67132000
11.00000000 0.67890000
11.10000000 0.68238000
11.20000000 0.68570000
11.30000000 0.69178000
11.40000000 0.69280000
11.50000000 0.69776000
11.60000000 0.70486000
11.70000000 0.70828000
11.80000000 0.71416000
11.90000000 0.71572000
12.00000000 0.72020000
12.10000000 0.72806000
12.20000000 0.73044000
12.30000000 0.73722000
12.40000000 0.73928000
12.50000000 0.74232000
12.60000000 0.74886000
12.70000000 0.75310000
12.80000000 0.75774000
12.90000000 0.76204000
13.00000000 0.76694000
13.10000000 0.77042000
13.20000000 0.78104000
13.30000000 0.78072000
13.40000000 0.78256000
13.50000000 0.78654000
13.60000000 0.79460000
13.70000000 0.79926000
13.80000000 0.80530000
13.90000000 0.80696000
14.00000000 0.81068000
14.10000000 0.81538000
14.20000000 0.81746000
14.30000000 0.82524000
14.40000000 0.82594000
14.50000000 0.83218000
14.60000000 0.83514000
14.70000000 0.83512000
14.80000000 0.84070000
14.90000000 0.84526000
15.00000000 0.85084000
15.10000000 0.85318000
15.20000000 0.85550000
15.30000000 0.85806000
15.40000000 0.86328000
15.50000000 0.86212000
15.60000000 0.86846000
15.70000000 0.87028000
15.80000000 0.87374000
15.90000000 0.87708000
16.00000000 0.87718000
16.10000000 0.88162000
16.20000000 0.88356000
16.30000000 0.88450000
16.40000000 0.88496000
16.50000000 0.88672000
16.60000000 0.88958000
16.70000000 0.88906000
16.80000000 0.89042000
16.90000000 0.89332000
17.00000000 0.89210000
17.10000000 0.89154000
17.20000000 0.89678000
17.30000000 0.89362000
17.40000000 0.89464000
17.50000000 0.89516000
17.60000000 0.89718000
17.70000000 0.89278000
17.80000000 0.89576000
17.90000000 0.89706000
18.00000000 0.89532000
18.10000000 0.89486000
18.20000000 0.89532000
18.30000000 0.89558000
18.40000000 0.89854000
18.50000000 0.89598000
18.60000000 0.89624000
18.70000000 0.89424000
18.80000000 0.89528000
18.90000000 0.89620000
19.00000000 0.89646000
19.10000000 0.89708000
19.20000000 0.89474000
19.30000000 0.89450000
19.40000000 0.89388000
19.50000000 0.89380000
19.60000000 0.89378000
19.70000000 0.89508000
19.80000000 0.89326000
19.90000000 0.89328000
20.00000000 0.89274000
