0.10000000 0.00000000
0.20000000 0.00000000
0.30000000 0.00000000
0.40000000 0.00000000
0.50000000 0.00000000
0.60000000 0.00000000
0.70000000 0.01382000
0.80000000 24.39296000
0.90000000 268.64274000
1.00000000 632.98042000
1.10000000 200.33516000
1.20000000 116.33130000
1.30000000 182.75452000
1.40000000 258.22216000
1.50000000 229.95754000
1.60000000 155.49172000
1.70000000 176.33772000
1.80000000 206.85648000
1.90000000 212.60340000
2.00000000 191.10630000
2.10000000 179.52130000
2.20000000 179.28200000
2.30000000 173.73110000
2.40000000 160.65166000
2.50000000 148.38856000
2.60000000 141.08588000
2.70000000 134.34278000
2.80000000 125.75554000
2.90000000 116.55278000
3.00000000 109.40972000
3.10000000 103.00810000
3.20000000 96.34556000
3.30000000 90.06004000
3.40000000 84.16900000
3.50000000 78.91870000
3.60000000 73.85238000
3.70000000 68.94330000
3.80000000 64.20940000
3.90000000 59.76312000
4.00000000 55.57626000
4.10000000 51.70938000
4.20000000 47.78724000
4.30000000 44.28588000
4.40000000 40.85718000
4.50000000 37.75032000
4.60000000 34.75504000
4.70000000 32.06996000
4.80000000 29.38312000
4.90000000 26.81294000
5.00000000 24.59970000
5.10000000 22.34892000
5.20000000 20.44618000
5.30000000 18.52882000
5.40000000 16.80222000
5.50000000 15.23630000
5.60000000 13.74862000
5.70000000 12.34904000
5.80000000 11.09176000
5.90000000 10.00504000
6.00000000 8.95266000
6.10000000 8.00350000
6.20000000 7.18668000
6.30000000 6.38298000
6.40000000 5.67874000
6.50000000 5.04080000
6.60000000 4.50170000
6.70000000 3.97928000
6.80000000 3.52972000
6.90000000 3.14898000
7.00000000 2.77112000
7.10000000 2.43754000
7.20000000 2.18494000
7.30000000 1.92438000
7.40000000 1.72168000
7.50000000 1.53704000
7.60000000 1.36426000
7.70000000 1.23664000
7.80000000 1.11036000
7.90000000 1.00158000
8.00000000 0.90554000
8.10000000 0.84082000
8.20000000 0.77792000
8.30000000 0.72374000
8.40000000 0.67350000
8.50000000 0.64028000
8.60000000 0.61386000
8.70000000 0.59360000
8.80000000 0.56322000
8.90000000 0.55422000
9.00000000 0.54706000
9.10000000 0.54036000
9.20000000 0.53368000
9.30000000 0.52284000
9.40000000 0.52646000
9.50000000 0.53158000
9.60000000 0.52844000
9.70000000 0.52892000
9.80000000 0.53968000
9.90000000 0.53624000
10.00000000 0.54260000
10.10000000 0.54824000
10.20000000 0.55528000
10.30000000 0.56212000
10.40000000 0.56346000
10.50000000 0.57554000
10.60000000 0.57800000
10.70000000 0.58676000
10.80000000 0.59578000
10.90000000 0.59706000
11.00000000 0.60090000
11.10000000 0.60928000
11.20000000 0.61360000
11.30000000 0.61802000
11.40000000 0.63154000
11.50000000 0.63274000
11.60000000 0.63756000
11.70000000 0.64444000
11.80000000 0.65686000
11.90000000 0.65708000
12.00000000 0.66334000
12.10000000 0.67360000
12.20000000 0.67902000
12.30000000 0.68536000
12.40000000 0.69106000
12.50000000 0.69434000
12.60000000 0.70440000
12.70000000 0.70516000
12.80000000 0.70932000
12.90000000 0.72438000
13.00000000 0.72806000
13.10000000 0.73486000
13.20000000 0.74040000
13.30000000 0.74632000
13.40000000 0.74844000
13.50000000 0.75382000
13.60000000 0.76154000
13.70000000 0.76648000
13.80000000 0.77058000
13.90000000 0.77838000
14.00000000 0.77990000
14.10000000 0.78902000
14.20000000 0.79396000
14.30000000 0.79980000
14.40000000 0.80574000
14.50000000 0.80948000
14.60000000 0.81498000
14.70000000 0.82030000
14.80000000 0.82878000
14.90000000 0.83310000
15.00000000 0.83118000
15.10000000 0.84140000
15.20000000 0.84194000
15.30000000 0.84606000
15.40000000 0.85622000
15.50000000 0.85252000
15.60000000 0.85820000
15.70000000 0.86366000
15.80000000 0.86590000
15.90000000 0.86320000
16.00000000 0.86682000
16.10000000 0.87090000
16.20000000 0.87240000
16.30000000 0.87640000
16.40000000 0.87492000
16.50000000 0.88354000
16.60000000 0.88746000
16.70000000 0.88862000
16.80000000 0.88850000
16.90000000 0.89002000
17.00000000 0.89024000
17.10000000 0.89480000
17.20000000 0.89166000
17.30000000 0.89178000
17.40000000 0.89038000
17.50000000 0.89876000
17.60000000 0.89816000
17.70000000 0.89124000
17.80000000 0.89470000
17.90000000 0.89896000
18.00000000 0.90026000
18.10000000 0.89842000
18.20000000 0.89402000
18.30000000 0.89988000
18.40000000 0.89998000
18.50000000 0.89086000
18.60000000 0.89670000
18.70000000 0.89306000
18.80000000 0.89312000
18.90000000 0.89342000
19.00000000 0.89496000
19.10000000 0.89418000
19.20000000 0.89398000
19.30000000 0.89408000
19.40000000 0.89450000
19.50000000 0.89328000
19.60000000 0.89236000
19.70000000 0.89310000
19.80000000 0.89262000
19.90000000 0.89524000
20.00000000 0.89076000
