0.10000000 0.00000000
0.20000000 0.00000000
0.30000000 0.00000000
0.40000000 0.00000000
0.50000000 0.00000000
0.60000000 0.16870000
0.70000000 24.28192000
0.80000000 114.89458000
0.90000000 196.62864000
1.00000000 241.84454000
1.10000000 255.17664000
1.20000000 248.44598000
1.30000000 231.96354000
1.40000000 212.42186000
1.50000000 195.73496000
1.60000000 182.10522000
1.70000000 171.04030000
1.80000000 161.18246000
1.90000000 151.82500000
2.00000000 143.38314000
2.10000000 135.33448000
2.20000000 127.46736000
2.30000000 120.53876000
2.40000000 113.98364000
2.50000000 108.56414000
2.60000000 103.42554000
2.70000000 98.69226000
2.80000000 94.08774000
2.90000000 89.50918000
3.00000000 84.78944000
3.10000000 80.31572000
3.20000000 75.87692000
3.30000000 71.50560000
3.40000000 67.32398000
3.50000000 63.43488000
3.60000000 59.44526000
3.70000000 55.78980000
3.80000000 52.27988000
3.90000000 48.81274000
4.00000000 45.56870000
4.10000000 42.50678000
4.20000000 39.60198000
4.30000000 36.82512000
4.40000000 34.20084000
4.50000000 31.76226000
4.60000000 29.38564000
4.70000000 27.19630000
4.80000000 25.09310000
4.90000000 23.11608000
5.00000000 21.31838000
5.10000000 19.59720000
5.20000000 17.99770000
5.30000000 16.49244000
5.40000000 15.08012000
5.50000000 13.81378000
5.60000000 12.57786000
5.70000000 11.45562000
5.80000000 10.41342000
5.90000000 9.47794000
6.00000000 8.58062000
6.10000000 7.79054000
6.20000000 7.03808000
6.30000000 6.35562000
6.40000000 5.74398000
6.50000000 5.16388000
6.60000000 4.67272000
6.70000000 4.18816000
6.80000000 3.76714000
6.90000000 3.40590000
7.00000000 3.04872000
7.10000000 2.74904000
7.20000000 2.47478000
7.30000000 2.23430000
7.40000000 2.01368000
7.50000000 1.82014000
7.60000000 1.65246000
7.70000000 1.50972000
7.80000000 1.37530000
7.90000000 1.26406000
8.00000000 1.16014000
8.10000000 1.07684000
8.20000000 0.99948000
8.30000000 0.93668000
8.40000000 0.88122000
8.50000000 0.83618000
8.60000000 0.79382000
8.70000000 0.76170000
8.80000000 0.73594000
8.90000000 0.71282000
9.00000000 0.69518000
9.10000000 0.67704000
9.20000000 0.67290000
9.30000000 0.65980000
9.40000000 0.65328000
9.50000000 0.64640000
9.60000000 0.64410000
9.70000000 0.64296000
9.80000000 0.64320000
9.90000000 0.64100000
10.00000000 0.64426000
10.10000000 0.64264000
10.20000000 0.64346000
10.30000000 0.64866000
10.40000000 0.65044000
10.50000000 0.65578000
10.60000000 0.65758000
10.70000000 0.66390000
10.80000000 0.66604000
10.90000000 0.67066000
11.00000000 0.67784000
11.10000000 0.68166000
11.20000000 0.68616000
11.30000000 0.68966000
11.40000000 0.69452000
11.50000000 0.69950000
11.60000000 0.70184000
11.70000000 0.70732000
11.80000000 0.71242000
11.90000000 0.71672000
12.00000000 0.72410000
12.10000000 0.72658000
12.20000000 0.73142000
12.30000000 0.73364000
12.40000000 0.73744000
12.50000000 0.74434000
12.60000000 0.74940000
12.70000000 0.75412000
12.80000000 0.75632000
12.90000000 0.76314000
13.00000000 0.76630000
13.10000000 0.77096000
13.20000000 0.77536000
13.30000000 0.78034000
13.40000000 0.78438000
13.50000000 0.79120000
13.60000000 0.79452000
13.70000000 0.79916000
13.80000000 0.80250000
13.90000000 0.80814000
14.00000000 0.81018000
14.10000000 0.81590000
14.20000000 0.81936000
14.30000000 0.82302000
14.40000000 0.82686000
14.50000000 0.83004000
14.60000000 0.83458000
14.70000000 0.83934000
14.80000000 0.84146000
14.90000000 0.84480000
15.00000000 0.84822000
15.10000000 0.85524000
15.20000000 0.85510000
15.30000000 0.85926000
15.40000000 0.86116000
15.50000000 0.86370000
15.60000000 0.86896000
15.70000000 0.87108000
15.80000000 0.87048000
15.90000000 0.87570000
16.00000000 0.88016000
16.10000000 0.87918000
16.20000000 0.88234000
16.30000000 0.88472000
16.40000000 0.88624000
16.50000000 0.88680000
16.60000000 0.88898000
16.70000000 0.88910000
16.80000000 0.89124000
16.90000000 0.89070000
17.00000000 0.89148000
17.10000000 0.89452000
17.20000000 0.89458000
17.30000000 0.89556000
17.40000000 0.89450000
17.50000000 0.89632000
17.60000000 0.89496000
17.70000000 0.89464000
17.80000000 0.89528000
17.90000000 0.89578000
18.00000000 0.89688000
18.10000000 0.89524000
18.20000000 0.89614000
18.30000000 0.89568000
18.40000000 0.89546000
18.50000000 0.89690000
18.60000000 0.89678000
18.70000000 0.89706000
18.80000000 0.89588000
18.90000000 0.89592000
19.00000000 0.89494000
19.10000000 0.89686000
19.20000000 0.89564000
19.30000000 0.89356000
19.40000000 0.89602000
19.50000000 0.89278000
19.60000000 0.89344000
19.70000000 0.89286000
19.80000000 0.89490000
19.90000000 0.89266000
20.00000000 0.89292000
