0.10000000 0.00000000
0.20000000 0.00000000
0.30000000 0.00000000
0.40000000 0.00000000
0.50000000 0.00000000
0.60000000 0.00126010
0.70000000 0.58244833
0.80000000 1.81076182
0.90000000 0.89594516
1.00000000 0.96267589
1.10000000 0.95706251
1.20000000 0.71040461
1.30000000 0.63992248
1.40000000 0.67412366
1.50000000 0.72917788
1.60000000 0.78229107
1.70000000 0.82234490
1.80000000 0.81747870
1.90000000 0.78158957
2.00000000 0.77050337
2.10000000 0.76803184
2.20000000 0.76484938
2.30000000 0.76229715
2.40000000 0.75931393
2.50000000 0.75044192
2.60000000 0.74248131
2.70000000 0.73326417
2.80000000 0.72295628
2.90000000 0.71265409
3.00000000 0.70361018
3.10000000 0.69787197
3.20000000 0.68870574
3.30000000 0.68228799
3.40000000 0.67342776
3.50000000 0.66595092
3.60000000 0.65722431
3.70000000 0.65059101
3.80000000 0.64348301
3.90000000 0.63629335
4.00000000 0.62929894
4.10000000 0.62137830
4.20000000 0.61355127
4.30000000 0.60639226
4.40000000 0.59997989
4.50000000 0.59229581
4.60000000 0.58333713
4.70000000 0.57657490
4.80000000 0.56874013
4.90000000 0.56194720
5.00000000 0.55473787
5.10000000 0.54630496
5.20000000 0.53920740
5.30000000 0.53174799
5.40000000 0.52472655
5.50000000 0.51706730
5.60000000 0.50941408
5.70000000 0.50225512
5.80000000 0.49521769
5.90000000 0.48762209
6.00000000 0.48045765
6.10000000 0.47313351
6.20000000 0.46649168
6.30000000 0.45886591
6.40000000 0.45227888
6.50000000 0.44482841
6.60000000 0.43776385
6.70000000 0.43116307
6.80000000 0.42386867
6.90000000 0.41682948
7.00000000 0.40996523
7.10000000 0.40312144
7.20000000 0.39608225
7.30000000 0.38972042
7.40000000 0.38251242
7.50000000 0.37566736
7.60000000 0.36917723
7.70000000 0.36273752
7.80000000 0.35574108
7.90000000 0.34939033
8.00000000 0.34294433
8.10000000 0.33654609
8.20000000 0.33037273
8.30000000 0.32375696
8.40000000 0.31707122
8.50000000 0.31074125
8.60000000 0.30461927
8.70000000 0.29854351
8.80000000 0.29213194
8.90000000 0.28643504
9.00000000 0.28032575
9.10000000 0.27410628
9.20000000 0.26804123
9.30000000 0.26228159
9.40000000 0.25635357
9.50000000 0.25053653
9.60000000 0.24504729
9.70000000 0.23927513
9.80000000 0.23363265
9.90000000 0.22801783
10.00000000 0.22229204
10.10000000 0.21677652
10.20000000 0.21141681
10.30000000 0.20613006
10.40000000 0.20079806
10.50000000 0.19554537
10.60000000 0.19015149
10.70000000 0.18532015
10.80000000 0.18014299
10.90000000 0.17504631
11.00000000 0.17033485
11.10000000 0.16528401
11.20000000 0.16049233
11.30000000 0.15575544
11.40000000 0.15106961
11.50000000 0.14641885
11.60000000 0.14204313
11.70000000 0.13743187
11.80000000 0.13293164
11.90000000 0.12860453
12.00000000 0.12425898
12.10000000 0.12017375
12.20000000 0.11601219
12.30000000 0.11199402
12.40000000 0.10786775
12.50000000 0.10387015
12.60000000 0.10007616
12.70000000 0.09617807
12.80000000 0.09261807
12.90000000 0.08888266
13.00000000 0.08529756
13.10000000 0.08189501
13.20000000 0.07835660
13.30000000 0.07496717
13.40000000 0.07178092
13.50000000 0.06863076
13.60000000 0.06544888
13.70000000 0.06252339
13.80000000 0.05955024
13.90000000 0.05666168
14.00000000 0.05387130
14.10000000 0.05112329
14.20000000 0.04851036
14.30000000 0.04592263
14.40000000 0.04343463
14.50000000 0.04104300
14.60000000 0.03879848
14.70000000 0.03653919
14.80000000 0.03429430
14.90000000 0.03229523
15.00000000 0.03029755
15.10000000 0.02840375
15.20000000 0.02653634
15.30000000 0.02479989
15.40000000 0.02313545
15.50000000 0.02152314
15.60000000 0.02000538
15.70000000 0.01853752
15.80000000 0.01718467
15.90000000 0.01591882
16.00000000 0.01462770
16.10000000 0.01347469
16.20000000 0.01240525
16.30000000 0.01137275
16.40000000 0.01039531
16.50000000 0.00948354
16.60000000 0.00864404
16.70000000 0.00789254
16.80000000 0.00712452
16.90000000 0.00648187
17.00000000 0.00583938
17.10000000 0.00525887
17.20000000 0.00473199
17.30000000 0.00425126
17.40000000 0.00379847
17.50000000 0.00339615
17.60000000 0.00303183
17.70000000 0.00269524
17.80000000 0.00237959
17.90000000 0.00211846
18.00000000 0.00186827
18.10000000 0.00164115
18.20000000 0.00144324
18.30000000 0.00126820
18.40000000 0.00110595
18.50000000 0.00096902
18.60000000 0.00084200
18.70000000 0.00073300
18.80000000 0.00063599
18.90000000 0.00055620
19.00000000 0.00047433
19.10000000 0.00040754
19.20000000 0.00035616
19.30000000 0.00029939
19.40000000 0.00026288
19.50000000 0.00022131
19.60000000 0.00018751
19.70000000 0.00015996
19.80000000 0.00013906
19.90000000 0.00011806
20.00000000 0.00009941
