0.100000 0.000000
0.200000 0.000000
0.300000 0.000000
0.400000 0.000000
0.500000 0.000000
0.600000 0.000000
0.700000 0.008520
0.800000 18.541640
0.900000 212.660840
1.000000 522.883060
1.100000 144.714040
1.200000 48.675080
1.300000 99.353080
1.400000 162.113020
1.500000 139.504720
1.600000 57.972000
1.700000 60.571100
1.800000 76.584520
1.900000 78.085840
2.000000 54.542860
2.100000 42.192840
2.200000 45.207000
2.300000 45.763820
2.400000 39.299060
2.500000 31.533740
2.600000 29.492640
2.700000 29.119620
2.800000 26.357440
2.900000 22.826700
3.000000 20.282180
3.100000 19.188380
3.200000 17.900040
3.300000 15.865880
3.400000 14.188160
3.500000 12.993460
3.600000 12.160280
3.700000 10.901540
3.800000 9.744640
3.900000 8.915940
4.000000 8.198900
4.100000 7.552020
4.200000 6.741460
4.300000 6.139940
4.400000 5.622300
4.500000 5.131760
4.600000 4.672880
4.700000 4.246460
4.800000 3.900180
4.900000 3.562980
5.000000 3.233460
5.100000 2.979800
5.200000 2.775480
5.300000 2.504760
5.400000 2.333640
5.500000 2.169460
5.600000 2.005420
5.700000 1.863180
5.800000 1.737140
5.900000 1.617900
6.000000 1.544100
6.100000 1.449120
6.200000 1.379340
6.300000 1.329580
6.400000 1.259140
6.500000 1.233900
6.600000 1.165060
6.700000 1.132680
6.800000 1.104980
6.900000 1.078480
7.000000 1.053100
7.100000 1.026380
7.200000 1.018740
7.300000 1.020380
7.400000 0.998960
7.500000 0.988020
7.600000 1.000880
7.700000 0.991260
7.800000 0.981160
7.900000 0.983180
8.000000 0.976180
8.100000 0.972760
8.200000 0.977780
8.300000 0.978140
8.400000 0.978060
8.500000 0.975120
8.600000 0.982500
8.700000 0.981560
8.800000 0.981800
8.900000 0.987700
9.000000 0.984320
9.100000 0.989740
9.200000 0.982060
9.300000 0.980980
9.400000 0.986260
9.500000 1.000460
9.600000 0.985860
9.700000 0.988160
9.800000 0.988480
9.900000 1.006980
10.000000 0.996940
10.100000 0.988260
10.200000 0.988480
10.300000 1.002080
10.400000 0.996840
10.500000 1.003000
10.600000 0.985240
10.700000 0.996660
10.800000 0.997700
10.900000 0.994800
11.000000 0.986460
11.100000 0.993700
11.200000 0.993620
11.300000 0.995160
11.400000 0.999880
11.500000 0.992280
11.600000 0.992280
11.700000 1.003020
11.800000 0.993120
11.900000 1.000020
12.000000 0.995940
12.100000 0.997420
12.200000 0.994720
12.300000 0.998420
12.400000 0.996200
12.500000 0.996460
12.600000 0.998480
12.700000 0.992180
12.800000 0.996040
12.900000 0.994000
13.000000 0.989460
13.100000 0.997760
13.200000 1.001220
13.300000 0.997260
13.400000 0.997960
13.500000 1.000700
13.600000 1.002660
13.700000 1.000360
13.800000 1.000940
13.900000 0.994820
14.000000 0.999400
14.100000 1.002360
14.200000 1.002220
14.300000 1.005160
14.400000 1.003940
14.500000 1.009000
14.600000 1.006660
14.700000 1.005500
14.800000 1.006580
14.900000 1.003000
15.000000 1.002640
15.100000 1.005960
15.200000 1.005060
15.300000 1.004380
15.400000 0.998860
15.500000 1.000320
15.600000 1.010660
15.700000 1.004000
15.800000 1.005260
15.900000 0.997600
16.000000 1.002900
16.100000 1.006180
16.200000 1.003320
16.300000 1.003220
16.400000 1.006560
16.500000 1.004220
16.600000 1.006860
16.700000 0.999980
16.800000 1.000200
16.900000 1.001260
17.000000 0.998920
17.100000 1.002180
17.200000 1.002800
17.300000 0.994360
17.400000 0.998220
17.500000 1.000120
17.600000 0.994260
17.700000 0.992480
17.800000 0.993240
17.900000 0.994840
18.000000 0.990280
18.100000 0.989760
18.200000 0.986140
18.300000 0.987560
18.400000 0.990420
18.500000 0.989860
18.600000 0.990280
18.700000 0.997680
18.800000 0.992580
18.900000 0.990080
19.000000 0.997300
19.100000 0.997120
19.200000 0.997260
19.300000 0.995040
19.400000 0.993180
19.500000 0.995140
19.600000 0.997620
19.700000 0.992040
19.800000 0.992880
19.900000 0.994480
20.000000 0.991300
