0.10000000 0.00000000
0.20000000 0.00000000
0.30000000 0.00000000
0.40000000 0.00000000
0.50000000 0.00000000
0.60000000 0.26666000
0.70000000 180.10524000
0.80000000 562.14156000
0.90000000 178.46198000
1.00000000 208.72348000
1.10000000 220.75852000
1.20000000 140.70478000
1.30000000 114.08274000
1.40000000 121.13178000
1.50000000 130.88692000
1.60000000 140.62284000
1.70000000 143.66916000
1.80000000 133.16688000
1.90000000 115.62562000
2.00000000 108.49642000
2.10000000 106.20176000
2.20000000 103.40216000
2.30000000 99.97476000
2.40000000 95.77812000
2.50000000 90.73606000
2.60000000 85.44292000
2.70000000 80.96024000
2.80000000 76.65466000
2.90000000 72.57078000
3.00000000 68.76332000
3.10000000 65.32458000
3.20000000 61.62324000
3.30000000 58.06852000
3.40000000 54.60230000
3.50000000 51.59020000
3.60000000 48.54562000
3.70000000 45.68798000
3.80000000 43.03198000
3.90000000 40.40238000
4.00000000 37.91848000
4.10000000 35.59262000
4.20000000 33.27344000
4.30000000 31.08658000
4.40000000 29.04180000
4.50000000 27.15192000
4.60000000 25.28660000
4.70000000 23.49508000
4.80000000 21.82304000
4.90000000 20.31122000
5.00000000 18.83590000
5.10000000 17.42350000
5.20000000 16.09782000
5.30000000 14.84008000
5.40000000 13.67594000
5.50000000 12.59924000
5.60000000 11.58124000
5.70000000 10.67864000
5.80000000 9.80230000
5.90000000 8.95816000
6.00000000 8.20072000
6.10000000 7.49972000
6.20000000 6.87868000
6.30000000 6.28286000
6.40000000 5.72592000
6.50000000 5.23282000
6.60000000 4.76932000
6.70000000 4.34272000
6.80000000 3.96808000
6.90000000 3.62392000
7.00000000 3.28874000
7.10000000 2.99322000
7.20000000 2.73880000
7.30000000 2.49772000
7.40000000 2.27526000
7.50000000 2.09700000
7.60000000 1.92338000
7.70000000 1.75848000
7.80000000 1.63300000
7.90000000 1.51174000
8.00000000 1.40906000
8.10000000 1.30212000
8.20000000 1.22102000
8.30000000 1.14832000
8.40000000 1.09176000
8.50000000 1.03066000
8.60000000 0.97768000
8.70000000 0.93830000
8.80000000 0.90912000
8.90000000 0.87628000
9.00000000 0.84628000
9.10000000 0.82306000
9.20000000 0.80474000
9.30000000 0.79172000
9.40000000 0.77902000
9.50000000 0.77060000
9.60000000 0.76034000
9.70000000 0.75584000
9.80000000 0.75068000
9.90000000 0.75040000
10.00000000 0.74470000
10.10000000 0.73816000
10.20000000 0.73790000
10.30000000 0.74384000
10.40000000 0.74102000
10.50000000 0.73744000
10.60000000 0.73972000
10.70000000 0.74604000
10.80000000 0.74578000
10.90000000 0.74744000
11.00000000 0.75120000
11.10000000 0.74740000
11.20000000 0.75360000
11.30000000 0.75996000
11.40000000 0.76500000
11.50000000 0.76424000
11.60000000 0.76526000
11.70000000 0.76522000
11.80000000 0.77746000
11.90000000 0.77484000
12.00000000 0.78198000
12.10000000 0.78364000
12.20000000 0.78288000
12.30000000 0.78836000
12.40000000 0.78854000
12.50000000 0.79756000
12.60000000 0.79602000
12.70000000 0.79968000
12.80000000 0.80290000
12.90000000 0.80678000
13.00000000 0.81100000
13.10000000 0.81330000
13.20000000 0.81676000
13.30000000 0.81946000
13.40000000 0.82460000
13.50000000 0.83066000
13.60000000 0.83062000
13.70000000 0.83282000
13.80000000 0.83568000
13.90000000 0.84346000
14.00000000 0.84342000
14.10000000 0.84532000
14.20000000 0.84774000
14.30000000 0.85058000
14.40000000 0.85804000
14.50000000 0.85930000
14.60000000 0.86216000
14.70000000 0.86502000
14.80000000 0.86634000
14.90000000 0.86494000
15.00000000 0.87536000
15.10000000 0.87560000
15.20000000 0.87644000
15.30000000 0.87808000
15.40000000 0.88116000
15.50000000 0.88130000
15.60000000 0.88320000
15.70000000 0.88768000
15.80000000 0.88826000
15.90000000 0.88932000
16.00000000 0.88830000
16.10000000 0.89016000
16.20000000 0.89372000
16.30000000 0.89522000
16.40000000 0.89484000
16.50000000 0.89410000
16.60000000 0.89708000
16.70000000 0.89694000
16.80000000 0.90028000
16.90000000 0.89980000
17.00000000 0.89934000
17.10000000 0.90076000
17.20000000 0.89876000
17.30000000 0.90014000
17.40000000 0.90196000
17.50000000 0.90080000
17.60000000 0.90220000
17.70000000 0.89990000
17.80000000 0.90106000
17.90000000 0.90440000
18.00000000 0.90206000
18.10000000 0.90316000
18.20000000 0.90242000
18.30000000 0.90322000
18.40000000 0.90448000
18.50000000 0.90184000
18.60000000 0.90512000
18.70000000 0.89876000
18.80000000 0.90122000
18.90000000 0.90000000
19.00000000 0.90290000
19.10000000 0.90340000
19.20000000 0.90202000
19.30000000 0.90168000
19.40000000 0.90096000
19.50000000 0.90052000
19.60000000 0.89946000
19.70000000 0.90154000
19.80000000 0.90306000
19.90000000 0.90238000
20.00000000 0.90230000
