0.100000 0.000000
0.200000 0.000000
0.300000 0.000000
0.400000 0.000000
0.500000 0.000000
0.600000 18.239320
0.700000 198.307120
0.800000 255.460460
0.900000 78.646200
1.000000 106.603680
1.100000 136.111960
1.200000 99.077780
1.300000 84.477100
1.400000 86.660700
1.500000 63.092640
1.600000 38.529560
1.700000 35.718820
1.800000 36.932720
1.900000 36.733040
2.000000 34.459540
2.100000 29.814960
2.200000 24.537480
2.300000 20.884840
2.400000 18.613100
2.500000 16.646120
2.600000 14.748780
2.700000 13.227980
2.800000 11.677360
2.900000 10.220080
3.000000 9.028020
3.100000 7.945000
3.200000 7.029060
3.300000 6.374660
3.400000 5.734380
3.500000 5.189020
3.600000 4.706420
3.700000 4.160280
3.800000 3.730460
3.900000 3.334520
4.000000 3.022740
4.100000 2.758360
4.200000 2.494360
4.300000 2.291380
4.400000 2.119580
4.500000 1.938980
4.600000 1.794760
4.700000 1.681620
4.800000 1.563820
4.900000 1.495200
5.000000 1.409700
5.100000 1.340500
5.200000 1.288160
5.300000 1.216700
5.400000 1.199000
5.500000 1.145640
5.600000 1.119820
5.700000 1.099880
5.800000 1.067080
5.900000 1.061740
6.000000 1.037820
6.100000 1.029200
6.200000 1.020580
6.300000 1.008160
6.400000 0.987220
6.500000 0.998620
6.600000 0.983780
6.700000 0.994320
6.800000 0.979780
6.900000 0.978860
7.000000 0.982580
7.100000 0.989240
7.200000 0.983920
7.300000 0.981020
7.400000 0.992000
7.500000 0.982300
7.600000 0.988160
7.700000 0.992460
7.800000 0.989160
7.900000 0.988540
8.000000 0.990620
8.100000 0.989280
8.200000 0.985820
8.300000 0.987480
8.400000 0.984180
8.500000 0.988920
8.600000 0.989040
8.700000 0.990640
8.800000 0.990940
8.900000 0.991240
9.000000 0.995100
9.100000 0.992880
9.200000 0.992880
9.300000 0.992340
9.400000 0.997540
9.500000 0.990920
9.600000 0.997380
9.700000 0.990560
9.800000 0.991800
9.900000 0.995220
10.000000 0.993240
10.100000 0.995760
10.200000 0.993160
10.300000 0.995400
10.400000 0.998260
10.500000 0.997340
10.600000 1.001040
10.700000 0.993840
10.800000 1.001440
10.900000 1.000660
11.000000 0.991640
11.100000 1.001280
11.200000 0.996400
11.300000 0.997700
11.400000 1.001000
11.500000 0.999820
11.600000 0.999420
11.700000 0.992860
11.800000 0.996820
11.900000 0.999760
12.000000 0.996940
12.100000 0.998520
12.200000 0.998280
12.300000 1.002560
12.400000 0.999800
12.500000 0.999100
12.600000 0.999780
12.700000 0.993440
12.800000 0.999060
12.900000 0.999320
13.000000 0.994760
13.100000 0.996540
13.200000 0.997380
13.300000 0.996520
13.400000 0.991860
13.500000 0.997860
13.600000 0.990380
13.700000 0.994560
13.800000 0.994700
13.900000 0.995420
14.000000 0.998900
14.100000 0.988540
14.200000 0.994600
14.300000 0.996600
14.400000 0.999020
14.500000 0.996040
14.600000 0.999200
14.700000 0.992860
14.800000 0.996800
14.900000 0.999700
15.000000 0.997060
15.100000 1.000660
15.200000 0.997640
15.300000 0.998320
15.400000 1.000600
15.500000 1.000280
15.600000 0.997840
15.700000 0.992800
15.800000 1.001320
15.900000 0.999660
16.000000 1.002140
16.100000 0.997900
16.200000 0.998840
16.300000 0.996720
16.400000 0.998560
16.500000 0.999280
16.600000 0.995820
16.700000 0.997040
16.800000 0.995460
16.900000 0.999180
17.000000 0.994900
17.100000 0.993940
17.200000 0.993880
17.300000 0.993860
17.400000 0.992640
17.500000 0.997860
17.600000 0.990620
17.700000 0.995460
17.800000 0.994860
17.900000 0.993440
18.000000 0.994360
18.100000 0.993220
18.200000 0.997120
18.300000 0.993280
18.400000 0.994140
18.500000 0.992960
18.600000 0.995140
18.700000 0.997160
18.800000 0.994620
18.900000 0.995260
19.000000 0.995680
19.100000 0.997440
19.200000 0.995840
19.300000 0.994080
19.400000 0.997560
19.500000 0.993800
19.600000 0.997500
19.700000 0.993940
19.800000 0.996460
19.900000 0.994780
20.000000 0.998220
