0.100000 0.000000
0.200000 0.000000
0.300000 0.000000
0.400000 0.000000
0.500000 0.000000
0.600000 0.000000
0.700000 0.003216
0.800000 0.288389
0.900000 0.981973
1.000000 1.249483
1.100000 1.205576
1.200000 1.102070
1.300000 1.015136
1.400000 0.944105
1.500000 0.901544
1.600000 0.882458
1.700000 0.876243
1.800000 0.862102
1.900000 0.839511
2.000000 0.815931
2.100000 0.795782
2.200000 0.780695
2.300000 0.770016
2.400000 0.764332
2.500000 0.760624
2.600000 0.757835
2.700000 0.754265
2.800000 0.748625
2.900000 0.743002
3.000000 0.735738
3.100000 0.727741
3.200000 0.719720
3.300000 0.713195
3.400000 0.705874
3.500000 0.697379
3.600000 0.688830
3.700000 0.681124
3.800000 0.672191
3.900000 0.663304
4.000000 0.654802
4.100000 0.646662
4.200000 0.638079
4.300000 0.630137
4.400000 0.622174
4.500000 0.614326
4.600000 0.606147
4.700000 0.597636
4.800000 0.589960
4.900000 0.581969
5.000000 0.574389
5.100000 0.566181
5.200000 0.558746
5.300000 0.550870
5.400000 0.542626
5.500000 0.535717
5.600000 0.527447
5.700000 0.520099
5.800000 0.511877
5.900000 0.504648
6.000000 0.496744
6.100000 0.489103
6.200000 0.481674
6.300000 0.473541
6.400000 0.465812
6.500000 0.458893
6.600000 0.451066
6.700000 0.443377
6.800000 0.436288
6.900000 0.429223
7.000000 0.421696
7.100000 0.414511
7.200000 0.407243
7.300000 0.400349
7.400000 0.393178
7.500000 0.386233
7.600000 0.378800
7.700000 0.371769
7.800000 0.364805
7.900000 0.358031
8.000000 0.351083
8.100000 0.344176
8.200000 0.337404
8.300000 0.330478
8.400000 0.323892
8.500000 0.317369
8.600000 0.310847
8.700000 0.304355
8.800000 0.297993
8.900000 0.291445
9.000000 0.285135
9.100000 0.278656
9.200000 0.272429
9.300000 0.266108
9.400000 0.260083
9.500000 0.254005
9.600000 0.248031
9.700000 0.241985
9.800000 0.236093
9.900000 0.230277
10.000000 0.224381
10.100000 0.218681
10.200000 0.213055
10.300000 0.207535
10.400000 0.201850
10.500000 0.196429
10.600000 0.190944
10.700000 0.185523
10.800000 0.180287
10.900000 0.175225
11.000000 0.170054
11.100000 0.164819
11.200000 0.159836
11.300000 0.154951
11.400000 0.150087
11.500000 0.145240
11.600000 0.140473
11.700000 0.135904
11.800000 0.131250
11.900000 0.126713
12.000000 0.122235
12.100000 0.117930
12.200000 0.113587
12.300000 0.109460
12.400000 0.105282
12.500000 0.101252
12.600000 0.097342
12.700000 0.093428
12.800000 0.089616
12.900000 0.085875
13.000000 0.082267
13.100000 0.078711
13.200000 0.075186
13.300000 0.071783
13.400000 0.068451
13.500000 0.065196
13.600000 0.062053
13.700000 0.059015
13.800000 0.056008
13.900000 0.053094
14.000000 0.050306
14.100000 0.047560
14.200000 0.044944
14.300000 0.042399
14.400000 0.039894
14.500000 0.037558
14.600000 0.035293
14.700000 0.033040
14.800000 0.030954
14.900000 0.028929
15.000000 0.026969
15.100000 0.025128
15.200000 0.023382
15.300000 0.021698
15.400000 0.020092
15.500000 0.018571
15.600000 0.017108
15.700000 0.015783
15.800000 0.014488
15.900000 0.013279
16.000000 0.012141
16.100000 0.011066
16.200000 0.010083
16.300000 0.009161
16.400000 0.008302
16.500000 0.007486
16.600000 0.006764
16.700000 0.006080
16.800000 0.005454
16.900000 0.004882
17.000000 0.004351
17.100000 0.003872
17.200000 0.003428
17.300000 0.003051
17.400000 0.002686
17.500000 0.002368
17.600000 0.002078
17.700000 0.001820
17.800000 0.001582
17.900000 0.001374
18.000000 0.001196
18.100000 0.001037
18.200000 0.000896
18.300000 0.000767
18.400000 0.000666
18.500000 0.000566
18.600000 0.000483
18.700000 0.000410
18.800000 0.000348
18.900000 0.000296
19.000000 0.000252
19.100000 0.000215
19.200000 0.000178
19.300000 0.000151
19.400000 0.000125
19.500000 0.000107
19.600000 0.000089
19.700000 0.000075
19.800000 0.000061
19.900000 0.000051
20.000000 0.000042
