0.100000 0.000000
0.200000 0.000000
0.300000 0.000000
0.400000 0.000000
0.500000 0.000000
0.600000 0.000000
0.700000 0.478020
0.800000 16.412840
0.900000 47.531320
1.000000 53.730840
1.100000 48.106040
1.200000 42.000060
1.300000 36.829200
1.400000 32.469240
1.500000 29.514500
1.600000 27.595660
1.700000 25.713040
1.800000 23.581600
1.900000 21.598960
2.000000 19.612500
2.100000 18.012200
2.200000 16.670920
2.300000 15.424340
2.400000 14.352860
2.500000 13.398760
2.600000 12.484340
2.700000 11.575920
2.800000 10.709700
2.900000 9.900260
3.000000 9.158720
3.100000 8.467400
3.200000 7.800900
3.300000 7.184640
3.400000 6.629660
3.500000 6.084260
3.600000 5.606060
3.700000 5.153880
3.800000 4.721280
3.900000 4.332940
4.000000 3.959940
4.100000 3.633760
4.200000 3.321560
4.300000 3.026400
4.400000 2.769280
4.500000 2.522720
4.600000 2.295720
4.700000 2.090780
4.800000 1.897340
4.900000 1.723980
5.000000 1.562100
5.100000 1.420000
5.200000 1.280980
5.300000 1.161040
5.400000 1.045960
5.500000 0.947500
5.600000 0.852860
5.700000 0.766740
5.800000 0.689320
5.900000 0.619700
6.000000 0.555380
6.100000 0.497220
6.200000 0.445340
6.300000 0.397360
6.400000 0.354220
6.500000 0.316560
6.600000 0.283400
6.700000 0.250700
6.800000 0.222760
6.900000 0.196740
7.000000 0.174760
7.100000 0.154920
7.200000 0.137020
7.300000 0.120400
7.400000 0.106380
7.500000 0.092620
7.600000 0.082040
7.700000 0.072320
7.800000 0.062980
7.900000 0.055240
8.000000 0.048300
8.100000 0.042040
8.200000 0.037040
8.300000 0.032420
8.400000 0.028220
8.500000 0.024080
8.600000 0.021060
8.700000 0.018460
8.800000 0.015980
8.900000 0.013600
9.000000 0.011780
9.100000 0.010420
9.200000 0.008800
9.300000 0.007600
9.400000 0.006460
9.500000 0.005740
9.600000 0.004780
9.700000 0.004140
9.800000 0.003560
9.900000 0.003040
10.000000 0.002600
10.100000 0.002280
10.200000 0.001880
10.300000 0.001580
10.400000 0.001380
10.500000 0.001100
10.600000 0.001000
10.700000 0.000820
10.800000 0.000700
10.900000 0.000600
11.000000 0.000480
11.100000 0.000400
11.200000 0.000360
11.300000 0.000300
11.400000 0.000220
11.500000 0.000200
11.600000 0.000200
11.700000 0.000160
11.800000 0.000120
11.900000 0.000100
12.000000 0.000100
12.100000 0.000100
12.200000 0.000040
12.300000 0.000000
12.400000 0.000000
12.500000 0.000000
12.600000 0.000000
12.700000 0.000000
12.800000 0.000000
12.900000 0.000000
13.000000 0.000000
13.100000 0.000000
13.200000 0.000000
13.300000 0.000000
13.400000 0.000000
13.500000 0.000000
13.600000 0.000000
13.700000 0.000000
13.800000 0.000000
13.900000 0.000000
14.000000 0.000000
14.100000 0.000000
14.200000 0.000000
14.300000 0.000000
14.400000 0.000000
14.500000 0.000000
14.600000 0.000000
14.700000 0.000000
14.800000 0.000000
14.900000 0.000000
15.000000 0.000000
15.100000 0.000000
15.200000 0.000000
15.300000 0.000000
15.400000 0.000000
15.500000 0.000000
15.600000 0.000000
15.700000 0.000000
15.800000 0.000000
15.900000 0.000000
16.000000 0.000000
16.100000 0.000000
16.200000 0.000000
16.300000 0.000000
16.400000 0.000000
16.500000 0.000000
16.600000 0.000000
16.700000 0.000000
16.800000 0.000000
16.900000 0.000000
17.000000 0.000000
17.100000 0.000000
17.200000 0.000000
17.300000 0.000000
17.400000 0.000000
17.500000 0.000000
17.600000 0.000000
17.700000 0.000000
17.800000 0.000000
17.900000 0.000000
18.000000 0.000000
18.100000 0.000000
18.200000 0.000000
18.300000 0.000000
18.400000 0.000000
18.500000 0.000000
18.600000 0.000000
18.700000 0.000000
18.800000 0.000000
18.900000 0.000000
19.000000 0.000000
19.100000 0.000000
19.200000 0.000000
19.300000 0.000000
19.400000 0.000000
19.500000 0.000000
19.600000 0.000000
19.700000 0.000000
19.800000 0.000000
19.900000 0.000000
20.000000 0.000000
