0.10000000 0.00000000
0.20000000 0.00000000
0.30000000 0.00000000
0.40000000 0.00000000
0.50000000 0.00000000
0.60000000 25.60286000
0.70000000 258.96060000
0.80000000 339.17406000
0.90000000 156.18950000
1.00000000 191.87612000
1.10000000 224.77062000
1.20000000 180.52750000
1.30000000 164.30810000
1.40000000 166.90268000
1.50000000 140.94198000
1.60000000 117.66366000
1.70000000 118.96480000
1.80000000 123.66308000
1.90000000 124.95016000
2.00000000 122.28304000
2.10000000 116.10396000
2.20000000 108.41938000
2.30000000 102.02276000
2.40000000 97.34264000
2.50000000 92.40210000
2.60000000 87.94106000
2.70000000 83.37332000
2.80000000 79.00858000
2.90000000 74.40340000
3.00000000 70.23350000
3.10000000 66.13984000
3.20000000 62.45278000
3.30000000 58.91730000
3.40000000 55.63048000
3.50000000 52.45396000
3.60000000 49.43324000
3.70000000 46.45496000
3.80000000 43.66410000
3.90000000 40.97548000
4.00000000 38.37250000
4.10000000 35.94146000
4.20000000 33.61822000
4.30000000 31.39254000
4.40000000 29.27186000
4.50000000 27.33006000
4.60000000 25.41484000
4.70000000 23.69268000
4.80000000 21.95748000
4.90000000 20.35064000
5.00000000 18.88240000
5.10000000 17.48022000
5.20000000 16.14332000
5.30000000 14.90544000
5.40000000 13.71616000
5.50000000 12.59414000
5.60000000 11.62758000
5.70000000 10.64156000
5.80000000 9.76084000
5.90000000 8.95956000
6.00000000 8.20402000
6.10000000 7.48768000
6.20000000 6.85140000
6.30000000 6.26438000
6.40000000 5.71070000
6.50000000 5.20376000
6.60000000 4.74092000
6.70000000 4.32500000
6.80000000 3.92758000
6.90000000 3.59532000
7.00000000 3.26888000
7.10000000 2.97798000
7.20000000 2.72002000
7.30000000 2.47808000
7.40000000 2.26702000
7.50000000 2.06858000
7.60000000 1.89968000
7.70000000 1.76082000
7.80000000 1.61870000
7.90000000 1.49722000
8.00000000 1.39210000
8.10000000 1.29954000
8.20000000 1.21626000
8.30000000 1.14534000
8.40000000 1.07590000
8.50000000 1.02226000
8.60000000 0.97872000
8.70000000 0.93800000
8.80000000 0.90002000
8.90000000 0.86580000
9.00000000 0.84414000
9.10000000 0.81950000
9.20000000 0.80390000
9.30000000 0.78914000
9.40000000 0.77962000
9.50000000 0.77154000
9.60000000 0.75654000
9.70000000 0.75694000
9.80000000 0.74770000
9.90000000 0.74316000
10.00000000 0.74666000
10.10000000 0.74180000
10.20000000 0.73792000
10.30000000 0.73992000
10.40000000 0.73758000
10.50000000 0.73732000
10.60000000 0.74210000
10.70000000 0.74328000
10.80000000 0.74216000
10.90000000 0.74634000
11.00000000 0.74764000
11.10000000 0.75440000
11.20000000 0.75438000
11.30000000 0.75288000
11.40000000 0.75624000
11.50000000 0.76512000
11.60000000 0.76664000
11.70000000 0.77056000
11.80000000 0.77164000
11.90000000 0.77578000
12.00000000 0.78038000
12.10000000 0.78246000
12.20000000 0.78472000
12.30000000 0.78810000
12.40000000 0.78864000
12.50000000 0.79432000
12.60000000 0.79618000
12.70000000 0.80108000
12.80000000 0.80412000
12.90000000 0.80442000
13.00000000 0.81028000
13.10000000 0.81422000
13.20000000 0.81646000
13.30000000 0.81954000
13.40000000 0.82456000
13.50000000 0.82674000
13.60000000 0.83026000
13.70000000 0.83730000
13.80000000 0.83690000
13.90000000 0.84008000
14.00000000 0.84094000
14.10000000 0.84816000
14.20000000 0.84936000
14.30000000 0.85424000
14.40000000 0.85400000
14.50000000 0.85758000
14.60000000 0.86022000
14.70000000 0.86312000
14.80000000 0.86614000
14.90000000 0.87004000
15.00000000 0.87416000
15.10000000 0.87290000
15.20000000 0.87584000
15.30000000 0.87712000
15.40000000 0.87964000
15.50000000 0.88148000
15.60000000 0.88828000
15.70000000 0.88560000
15.80000000 0.88902000
15.90000000 0.88774000
16.00000000 0.88750000
16.10000000 0.88884000
16.20000000 0.89176000
16.30000000 0.89294000
16.40000000 0.89480000
16.50000000 0.89814000
16.60000000 0.89610000
16.70000000 0.89712000
16.80000000 0.89510000
16.90000000 0.90080000
17.00000000 0.89886000
17.10000000 0.90136000
17.20000000 0.89828000
17.30000000 0.90002000
17.40000000 0.89950000
17.50000000 0.90158000
17.60000000 0.90090000
17.70000000 0.90182000
17.80000000 0.90182000
17.90000000 0.90482000
18.00000000 0.89940000
18.10000000 0.90128000
18.20000000 0.90380000
18.30000000 0.90384000
18.40000000 0.90328000
18.50000000 0.90410000
18.60000000 0.90002000
18.70000000 0.90188000
18.80000000 0.89950000
18.90000000 0.90114000
19.00000000 0.90102000
19.10000000 0.90092000
19.20000000 0.90040000
19.30000000 0.89968000
19.40000000 0.90144000
19.50000000 0.90272000
19.60000000 0.90082000
19.70000000 0.90102000
19.80000000 0.89918000
19.90000000 0.90142000
20.00000000 0.90358000
