0.100000 0.000000
0.200000 0.000000
0.300000 0.000000
0.400000 0.000000
0.500000 0.000000
0.600000 0.297240
0.700000 21.693160
0.800000 29.723140
0.900000 35.893020
1.000000 37.567640
1.100000 35.472840
1.200000 32.651560
1.300000 29.061640
1.400000 25.578520
1.500000 22.788560
1.600000 20.437040
1.700000 18.442440
1.800000 16.811800
1.900000 15.420120
2.000000 14.106120
2.100000 12.852600
2.200000 11.703360
2.300000 10.654240
2.400000 9.695440
2.500000 8.846700
2.600000 8.066840
2.700000 7.383520
2.800000 6.780200
2.900000 6.173760
3.000000 5.620660
3.100000 5.121040
3.200000 4.658820
3.300000 4.235280
3.400000 3.847280
3.500000 3.481360
3.600000 3.160280
3.700000 2.867440
3.800000 2.594320
3.900000 2.336900
4.000000 2.113000
4.100000 1.900600
4.200000 1.711640
4.300000 1.545840
4.400000 1.388420
4.500000 1.247400
4.600000 1.123760
4.700000 1.008760
4.800000 0.907940
4.900000 0.810440
5.000000 0.725560
5.100000 0.649400
5.200000 0.582540
5.300000 0.517300
5.400000 0.463020
5.500000 0.411460
5.600000 0.365700
5.700000 0.322980
5.800000 0.286400
5.900000 0.253280
6.000000 0.223160
6.100000 0.197380
6.200000 0.173460
6.300000 0.153340
6.400000 0.132840
6.500000 0.116800
6.600000 0.101880
6.700000 0.089020
6.800000 0.077280
6.900000 0.066340
7.000000 0.057880
7.100000 0.049880
7.200000 0.042860
7.300000 0.036620
7.400000 0.030960
7.500000 0.026820
7.600000 0.022640
7.700000 0.019280
7.800000 0.016320
7.900000 0.013860
8.000000 0.011500
8.100000 0.009800
8.200000 0.008200
8.300000 0.006860
8.400000 0.005740
8.500000 0.004680
8.600000 0.003880
8.700000 0.003220
8.800000 0.002580
8.900000 0.002160
9.000000 0.001780
9.100000 0.001460
9.200000 0.001180
9.300000 0.000900
9.400000 0.000780
9.500000 0.000600
9.600000 0.000520
9.700000 0.000400
9.800000 0.000320
9.900000 0.000220
10.000000 0.000200
10.100000 0.000200
10.200000 0.000120
10.300000 0.000100
10.400000 0.000100
10.500000 0.000060
10.600000 0.000000
10.700000 0.000000
10.800000 0.000000
10.900000 0.000000
11.000000 0.000000
11.100000 0.000000
11.200000 0.000000
11.300000 0.000000
11.400000 0.000000
11.500000 0.000000
11.600000 0.000000
11.700000 0.000000
11.800000 0.000000
11.900000 0.000000
12.000000 0.000000
12.100000 0.000000
12.200000 0.000000
12.300000 0.000000
12.400000 0.000000
12.500000 0.000000
12.600000 0.000000
12.700000 0.000000
12.800000 0.000000
12.900000 0.000000
13.000000 0.000000
13.100000 0.000000
13.200000 0.000000
13.300000 0.000000
13.400000 0.000000
13.500000 0.000000
13.600000 0.000000
13.700000 0.000000
13.800000 0.000000
13.900000 0.000000
14.000000 0.000000
14.100000 0.000000
14.200000 0.000000
14.300000 0.000000
14.400000 0.000000
14.500000 0.000000
14.600000 0.000000
14.700000 0.000000
14.800000 0.000000
14.900000 0.000000
15.000000 0.000000
15.100000 0.000000
15.200000 0.000000
15.300000 0.000000
15.400000 0.000000
15.500000 0.000000
15.600000 0.000000
15.700000 0.000000
15.800000 0.000000
15.900000 0.000000
16.000000 0.000000
16.100000 0.000000
16.200000 0.000000
16.300000 0.000000
16.400000 0.000000
16.500000 0.000000
16.600000 0.000000
16.700000 0.000000
16.800000 0.000000
16.900000 0.000000
17.000000 0.000000
17.100000 0.000000
17.200000 0.000000
17.300000 0.000000
17.400000 0.000000
17.500000 0.000000
17.600000 0.000000
17.700000 0.000000
17.800000 0.000000
17.900000 0.000000
18.000000 0.000000
18.100000 0.000000
18.200000 0.000000
18.300000 0.000000
18.400000 0.000000
18.500000 0.000000
18.600000 0.000000
18.700000 0.000000
18.800000 0.000000
18.900000 0.000000
19.000000 0.000000
19.100000 0.000000
19.200000 0.000000
19.300000 0.000000
19.400000 0.000000
19.500000 0.000000
19.600000 0.000000
19.700000 0.000000
19.800000 0.000000
19.900000 0.000000
20.000000 0.000000
