0.100000 0.000000
0.200000 0.000000
0.300000 0.000000
0.400000 0.000000
0.500000 0.000000
0.600000 0.000000
0.700000 0.435360
0.800000 13.330140
0.900000 37.491840
1.000000 42.023760
1.100000 37.306320
1.200000 32.638840
1.300000 28.465180
1.400000 24.785000
1.500000 22.240400
1.600000 20.438020
1.700000 18.782420
1.800000 16.943900
1.900000 15.263560
2.000000 13.739460
2.100000 12.457480
2.200000 11.400240
2.300000 10.392420
2.400000 9.593140
2.500000 8.831540
2.600000 8.095000
2.700000 7.412520
2.800000 6.772360
2.900000 6.193860
3.000000 5.648400
3.100000 5.154780
3.200000 4.690340
3.300000 4.261860
3.400000 3.872380
3.500000 3.509780
3.600000 3.200940
3.700000 2.890300
3.800000 2.621500
3.900000 2.371300
4.000000 2.150540
4.100000 1.940740
4.200000 1.756920
4.300000 1.580100
4.400000 1.423860
4.500000 1.282960
4.600000 1.153560
4.700000 1.039640
4.800000 0.929920
4.900000 0.835580
5.000000 0.749220
5.100000 0.674180
5.200000 0.601440
5.300000 0.536080
5.400000 0.478400
5.500000 0.426280
5.600000 0.379800
5.700000 0.337860
5.800000 0.298400
5.900000 0.263960
6.000000 0.233720
6.100000 0.206800
6.200000 0.182020
6.300000 0.160000
6.400000 0.140420
6.500000 0.123780
6.600000 0.108540
6.700000 0.094120
6.800000 0.082560
6.900000 0.071100
7.000000 0.062460
7.100000 0.053700
7.200000 0.046400
7.300000 0.039740
7.400000 0.034500
7.500000 0.029100
7.600000 0.024980
7.700000 0.021400
7.800000 0.018120
7.900000 0.015040
8.000000 0.012840
8.100000 0.011200
8.200000 0.009340
8.300000 0.007720
8.400000 0.006520
8.500000 0.005420
8.600000 0.004540
8.700000 0.003760
8.800000 0.003100
8.900000 0.002480
9.000000 0.002160
9.100000 0.001720
9.200000 0.001440
9.300000 0.001140
9.400000 0.000960
9.500000 0.000760
9.600000 0.000620
9.700000 0.000440
9.800000 0.000400
9.900000 0.000380
10.000000 0.000300
10.100000 0.000220
10.200000 0.000180
10.300000 0.000120
10.400000 0.000100
10.500000 0.000100
10.600000 0.000100
10.700000 0.000000
10.800000 0.000000
10.900000 0.000000
11.000000 0.000000
11.100000 0.000000
11.200000 0.000000
11.300000 0.000000
11.400000 0.000000
11.500000 0.000000
11.600000 0.000000
11.700000 0.000000
11.800000 0.000000
11.900000 0.000000
12.000000 0.000000
12.100000 0.000000
12.200000 0.000000
12.300000 0.000000
12.400000 0.000000
12.500000 0.000000
12.600000 0.000000
12.700000 0.000000
12.800000 0.000000
12.900000 0.000000
13.000000 0.000000
13.100000 0.000000
13.200000 0.000000
13.300000 0.000000
13.400000 0.000000
13.500000 0.000000
13.600000 0.000000
13.700000 0.000000
13.800000 0.000000
13.900000 0.000000
14.000000 0.000000
14.100000 0.000000
14.200000 0.000000
14.300000 0.000000
14.400000 0.000000
14.500000 0.000000
14.600000 0.000000
14.700000 0.000000
14.800000 0.000000
14.900000 0.000000
15.000000 0.000000
15.100000 0.000000
15.200000 0.000000
15.300000 0.000000
15.400000 0.000000
15.500000 0.000000
15.600000 0.000000
15.700000 0.000000
15.800000 0.000000
15.900000 0.000000
16.000000 0.000000
16.100000 0.000000
16.200000 0.000000
16.300000 0.000000
16.400000 0.000000
16.500000 0.000000
16.600000 0.000000
16.700000 0.000000
16.800000 0.000000
16.900000 0.000000
17.000000 0.000000
17.100000 0.000000
17.200000 0.000000
17.300000 0.000000
17.400000 0.000000
17.500000 0.000000
17.600000 0.000000
17.700000 0.000000
17.800000 0.000000
17.900000 0.000000
18.000000 0.000000
18.100000 0.000000
18.200000 0.000000
18.300000 0.000000
18.400000 0.000000
18.500000 0.000000
18.600000 0.000000
18.700000 0.000000
18.800000 0.000000
18.900000 0.000000
19.000000 0.000000
19.100000 0.000000
19.200000 0.000000
19.300000 0.000000
19.400000 0.000000
19.500000 0.000000
19.600000 0.000000
19.700000 0.000000
19.800000 0.000000
19.900000 0.000000
20.000000 0.000000
