0.100000 0.000000
0.200000 0.000000
0.300000 0.000000
0.400000 0.000000
0.500000 0.000000
0.600000 18.318300
0.700000 195.447520
0.800000 248.827520
0.900000 68.656520
1.000000 96.031500
1.100000 123.594580
1.200000 85.392640
1.300000 69.258740
1.400000 71.852080
1.500000 49.822640
1.600000 26.982380
1.700000 24.133860
1.800000 25.131740
1.900000 24.949560
2.000000 23.227500
2.100000 19.631700
2.200000 15.367260
2.300000 12.308760
2.400000 10.619360
2.500000 9.132820
2.600000 7.823080
2.700000 6.742780
2.800000 5.754300
2.900000 4.799080
3.000000 4.032560
3.100000 3.409620
3.200000 2.951240
3.300000 2.595620
3.400000 2.341100
3.500000 2.082500
3.600000 1.887080
3.700000 1.694520
3.800000 1.517840
3.900000 1.380600
4.000000 1.288520
4.100000 1.212440
4.200000 1.132300
4.300000 1.099040
4.400000 1.068920
4.500000 1.028400
4.600000 1.005480
4.700000 0.996300
4.800000 0.998920
4.900000 0.996760
5.000000 0.991060
5.100000 1.001160
5.200000 0.997080
5.300000 0.981240
5.400000 0.997020
5.500000 1.000280
5.600000 1.002580
5.700000 0.998520
5.800000 1.009700
5.900000 1.005560
6.000000 0.998880
6.100000 1.006480
6.200000 0.993760
6.300000 1.003340
6.400000 0.997420
6.500000 0.997200
6.600000 0.998180
6.700000 0.998160
6.800000 0.994920
6.900000 0.984300
7.000000 0.991980
7.100000 0.990380
7.200000 0.999240
7.300000 1.000040
7.400000 0.995120
7.500000 0.995320
7.600000 0.983040
7.700000 0.997120
7.800000 0.994460
7.900000 0.988480
8.000000 0.988360
8.100000 0.991260
8.200000 0.991100
8.300000 0.993040
8.400000 0.989440
8.500000 0.987140
8.600000 0.988380
8.700000 0.982400
8.800000 0.990420
8.900000 0.987740
9.000000 0.987580
9.100000 0.992760
9.200000 0.992220
9.300000 0.987980
9.400000 0.990180
9.500000 0.997020
9.600000 0.991940
9.700000 0.991260
9.800000 0.994880
9.900000 0.996060
10.000000 0.998900
10.100000 0.992060
10.200000 0.995460
10.300000 0.998640
10.400000 0.997940
10.500000 0.999380
10.600000 0.998380
10.700000 0.996420
10.800000 0.999580
10.900000 0.999520
11.000000 0.995000
11.100000 0.991580
11.200000 0.994360
11.300000 0.996180
11.400000 0.992400
11.500000 0.993900
11.600000 0.997620
11.700000 0.992700
11.800000 0.995260
11.900000 0.993800
12.000000 1.002180
12.100000 0.994320
12.200000 0.996300
12.300000 0.996360
12.400000 0.995800
12.500000 0.997380
12.600000 0.994340
12.700000 0.995760
12.800000 0.994900
12.900000 0.993320
13.000000 0.993940
13.100000 0.995660
13.200000 0.996760
13.300000 0.995360
13.400000 0.997520
13.500000 0.995260
13.600000 0.995040
13.700000 0.997340
13.800000 0.996960
13.900000 0.997860
14.000000 0.998300
14.100000 0.998560
14.200000 0.997140
14.300000 0.995380
14.400000 1.004300
14.500000 1.000040
14.600000 1.004300
14.700000 0.999340
14.800000 1.002780
14.900000 1.003220
15.000000 1.003520
15.100000 0.999980
15.200000 0.999020
15.300000 1.000640
15.400000 0.996380
15.500000 0.995620
15.600000 0.996480
15.700000 0.997540
15.800000 0.995560
15.900000 0.997920
16.000000 0.996540
16.100000 0.997220
16.200000 0.997360
16.300000 0.995280
16.400000 0.995540
16.500000 0.998100
16.600000 0.997960
16.700000 0.995260
16.800000 0.998800
16.900000 0.997740
17.000000 0.995840
17.100000 0.994740
17.200000 1.001340
17.300000 0.998780
17.400000 0.998440
17.500000 0.999300
17.600000 0.995700
17.700000 0.994320
17.800000 0.993300
17.900000 0.997300
18.000000 0.995180
18.100000 0.995500
18.200000 0.994440
18.300000 0.997000
18.400000 0.995180
18.500000 0.994160
18.600000 0.996540
18.700000 0.992540
18.800000 0.996720
18.900000 0.995160
19.000000 0.999900
19.100000 0.995280
19.200000 0.995400
19.300000 0.994340
19.400000 0.998320
19.500000 0.997040
19.600000 0.999160
19.700000 0.996960
19.800000 0.999380
19.900000 0.996300
20.000000 0.995940
