0.10000000 0.00000000
0.20000000 0.00000000
0.30000000 0.00000000
0.40000000 0.00000000
0.50000000 0.00000000
0.60000000 0.08920000
0.70000000 14.31316000
0.80000000 66.40570000
0.90000000 115.06352000
1.00000000 141.33268000
1.10000000 150.23034000
1.20000000 147.47872000
1.30000000 137.34304000
1.40000000 124.98630000
1.50000000 114.45964000
1.60000000 105.43238000
1.70000000 97.96594000
1.80000000 91.36860000
1.90000000 85.40878000
2.00000000 79.99760000
2.10000000 75.03304000
2.20000000 70.25414000
2.30000000 65.80372000
2.40000000 61.80584000
2.50000000 58.23494000
2.60000000 55.12292000
2.70000000 52.06646000
2.80000000 49.26812000
2.90000000 46.41502000
3.00000000 43.76284000
3.10000000 41.10038000
3.20000000 38.60404000
3.30000000 36.08954000
3.40000000 33.81504000
3.50000000 31.58368000
3.60000000 29.43412000
3.70000000 27.43860000
3.80000000 25.50078000
3.90000000 23.73962000
4.00000000 21.99648000
4.10000000 20.39694000
4.20000000 18.83644000
4.30000000 17.40284000
4.40000000 16.05732000
4.50000000 14.80892000
4.60000000 13.61530000
4.70000000 12.49394000
4.80000000 11.47638000
4.90000000 10.50688000
5.00000000 9.60364000
5.10000000 8.80348000
5.20000000 8.00512000
5.30000000 7.30630000
5.40000000 6.66554000
5.50000000 6.04702000
5.60000000 5.51508000
5.70000000 5.00554000
5.80000000 4.56554000
5.90000000 4.14786000
6.00000000 3.77874000
6.10000000 3.43168000
6.20000000 3.12010000
6.30000000 2.85250000
6.40000000 2.60630000
6.50000000 2.37726000
6.60000000 2.17422000
6.70000000 2.00350000
6.80000000 1.84222000
6.90000000 1.70152000
7.00000000 1.58172000
7.10000000 1.47386000
7.20000000 1.38016000
7.30000000 1.29588000
7.40000000 1.22152000
7.50000000 1.15960000
7.60000000 1.10512000
7.70000000 1.05814000
7.80000000 1.01948000
7.90000000 0.97882000
8.00000000 0.95238000
8.10000000 0.92472000
8.20000000 0.90322000
8.30000000 0.88976000
8.40000000 0.86936000
8.50000000 0.85808000
8.60000000 0.85082000
8.70000000 0.83740000
8.80000000 0.83266000
8.90000000 0.82860000
9.00000000 0.82004000
9.10000000 0.81978000
9.20000000 0.81714000
9.30000000 0.81774000
9.40000000 0.81814000
9.50000000 0.81312000
9.60000000 0.81680000
9.70000000 0.81906000
9.80000000 0.81542000
9.90000000 0.81704000
10.00000000 0.81672000
10.10000000 0.82234000
10.20000000 0.81788000
10.30000000 0.82082000
10.40000000 0.82574000
10.50000000 0.82742000
10.60000000 0.82858000
10.70000000 0.82958000
10.80000000 0.83618000
10.90000000 0.83594000
11.00000000 0.83622000
11.10000000 0.83846000
11.20000000 0.84186000
11.30000000 0.84098000
11.40000000 0.84576000
11.50000000 0.84454000
11.60000000 0.84858000
11.70000000 0.84994000
11.80000000 0.85204000
11.90000000 0.85632000
12.00000000 0.85824000
12.10000000 0.85948000
12.20000000 0.86262000
12.30000000 0.86656000
12.40000000 0.86982000
12.50000000 0.87200000
12.60000000 0.87236000
12.70000000 0.87508000
12.80000000 0.87828000
12.90000000 0.87948000
13.00000000 0.88260000
13.10000000 0.88590000
13.20000000 0.88884000
13.30000000 0.88910000
13.40000000 0.89470000
13.50000000 0.89570000
13.60000000 0.89892000
13.70000000 0.90084000
13.80000000 0.90270000
13.90000000 0.90596000
14.00000000 0.90712000
14.10000000 0.90908000
14.20000000 0.91032000
14.30000000 0.91326000
14.40000000 0.91600000
14.50000000 0.91606000
14.60000000 0.91408000
14.70000000 0.92162000
14.80000000 0.92112000
14.90000000 0.92172000
15.00000000 0.92266000
15.10000000 0.92758000
15.20000000 0.92778000
15.30000000 0.92912000
15.40000000 0.92956000
15.50000000 0.93326000
15.60000000 0.93358000
15.70000000 0.93370000
15.80000000 0.93576000
15.90000000 0.93774000
16.00000000 0.93800000
16.10000000 0.93794000
16.20000000 0.93968000
16.30000000 0.93876000
16.40000000 0.94152000
16.50000000 0.94072000
16.60000000 0.93974000
16.70000000 0.94044000
16.80000000 0.94178000
16.90000000 0.94370000
17.00000000 0.94414000
17.10000000 0.94360000
17.20000000 0.94432000
17.30000000 0.94512000
17.40000000 0.94324000
17.50000000 0.94288000
17.60000000 0.94570000
17.70000000 0.94606000
17.80000000 0.94470000
17.90000000 0.94488000
18.00000000 0.94460000
18.10000000 0.94674000
18.20000000 0.94576000
18.30000000 0.94758000
18.40000000 0.94570000
18.50000000 0.95020000
18.60000000 0.94822000
18.70000000 0.94976000
18.80000000 0.94854000
18.90000000 0.95062000
19.00000000 0.95038000
19.10000000 0.95136000
19.20000000 0.94932000
19.30000000 0.95032000
19.40000000 0.95054000
19.50000000 0.95122000
19.60000000 0.95226000
19.70000000 0.95124000
19.80000000 0.95178000
19.90000000 0.95124000
20.00000000 0.95144000
