0.100000 0.000000
0.200000 0.000000
0.300000 0.000000
0.400000 0.000000
0.500000 0.000000
0.600000 0.000945
0.700000 0.125248
0.800000 0.536650
0.900000 0.874620
1.000000 1.051625
1.100000 1.104046
1.200000 1.086490
1.300000 1.026076
1.400000 0.957403
1.500000 0.908546
1.600000 0.874123
1.700000 0.852051
1.800000 0.831960
1.900000 0.817318
2.000000 0.801636
2.100000 0.785535
2.200000 0.770371
2.300000 0.758601
2.400000 0.748914
2.500000 0.743556
2.600000 0.738005
2.700000 0.734326
2.800000 0.729719
2.900000 0.723928
3.000000 0.716757
3.100000 0.709223
3.200000 0.701156
3.300000 0.692831
3.400000 0.684722
3.500000 0.676187
3.600000 0.667961
3.700000 0.659221
3.800000 0.650779
3.900000 0.642308
4.000000 0.633827
4.100000 0.625049
4.200000 0.616769
4.300000 0.608192
4.400000 0.600309
4.500000 0.591142
4.600000 0.582889
4.700000 0.574999
4.800000 0.566748
4.900000 0.558909
5.000000 0.551008
5.100000 0.543153
5.200000 0.534806
5.300000 0.526953
5.400000 0.518909
5.500000 0.511024
5.600000 0.503261
5.700000 0.495634
5.800000 0.487470
5.900000 0.479726
6.000000 0.472001
6.100000 0.464008
6.200000 0.456336
6.300000 0.448723
6.400000 0.440759
6.500000 0.433487
6.600000 0.425441
6.700000 0.418168
6.800000 0.410534
6.900000 0.403257
7.000000 0.396043
7.100000 0.388922
7.200000 0.381548
7.300000 0.374295
7.400000 0.366957
7.500000 0.359948
7.600000 0.352821
7.700000 0.345548
7.800000 0.338810
7.900000 0.331649
8.000000 0.324870
8.100000 0.317780
8.200000 0.311056
8.300000 0.304448
8.400000 0.297587
8.500000 0.291320
8.600000 0.284706
8.700000 0.278019
8.800000 0.271676
8.900000 0.265263
9.000000 0.259047
9.100000 0.252673
9.200000 0.246601
9.300000 0.240418
9.400000 0.234328
9.500000 0.228239
9.600000 0.222388
9.700000 0.216507
9.800000 0.210462
9.900000 0.204765
10.000000 0.199117
10.100000 0.193457
10.200000 0.187978
10.300000 0.182413
10.400000 0.177100
10.500000 0.171759
10.600000 0.166557
10.700000 0.161400
10.800000 0.156218
10.900000 0.151187
11.000000 0.146201
11.100000 0.141341
11.200000 0.136592
11.300000 0.131830
11.400000 0.127109
11.500000 0.122543
11.600000 0.118037
11.700000 0.113725
11.800000 0.109331
11.900000 0.105103
12.000000 0.100973
12.100000 0.096953
12.200000 0.092883
12.300000 0.089028
12.400000 0.085171
12.500000 0.081453
12.600000 0.077775
12.700000 0.074251
12.800000 0.070827
12.900000 0.067361
13.000000 0.064107
13.100000 0.060885
13.200000 0.057790
13.300000 0.054735
13.400000 0.051818
13.500000 0.049015
13.600000 0.046275
13.700000 0.043648
13.800000 0.041125
13.900000 0.038626
14.000000 0.036295
14.100000 0.034024
14.200000 0.031813
14.300000 0.029681
14.400000 0.027715
14.500000 0.025780
14.600000 0.023951
14.700000 0.022220
14.800000 0.020569
14.900000 0.019009
15.000000 0.017532
15.100000 0.016147
15.200000 0.014830
15.300000 0.013579
15.400000 0.012411
15.500000 0.011320
15.600000 0.010320
15.700000 0.009363
15.800000 0.008491
15.900000 0.007680
16.000000 0.006913
16.100000 0.006228
16.200000 0.005592
16.300000 0.004997
16.400000 0.004470
16.500000 0.003974
16.600000 0.003544
16.700000 0.003134
16.800000 0.002764
16.900000 0.002437
17.000000 0.002151
17.100000 0.001886
17.200000 0.001647
17.300000 0.001434
17.400000 0.001245
17.500000 0.001091
17.600000 0.000942
17.700000 0.000810
17.800000 0.000695
17.900000 0.000598
18.000000 0.000512
18.100000 0.000435
18.200000 0.000372
18.300000 0.000314
18.400000 0.000269
18.500000 0.000225
18.600000 0.000190
18.700000 0.000161
18.800000 0.000135
18.900000 0.000113
19.000000 0.000096
19.100000 0.000079
19.200000 0.000068
19.300000 0.000056
19.400000 0.000046
19.500000 0.000038
19.600000 0.000032
19.700000 0.000026
19.800000 0.000021
19.900000 0.000018
20.000000 0.000014
