0.10000000 0.00000000
0.20000000 0.00000000
0.30000000 0.00000000
0.40000000 0.00000000
0.50000000 0.00000000
0.60000000 0.10818131
0.70000000 0.99777554
0.80000000 1.32952479
0.90000000 0.79978315
1.00000000 0.91345339
1.10000000 1.01973493
1.20000000 0.86774889
1.30000000 0.81477227
1.40000000 0.83257911
1.50000000 0.77377448
1.60000000 0.72931312
1.70000000 0.76142657
1.80000000 0.79928571
1.90000000 0.82230996
2.00000000 0.82806812
2.10000000 0.81855640
2.20000000 0.80196635
2.30000000 0.78782930
2.40000000 0.77815711
2.50000000 0.76726039
2.60000000 0.75810940
2.70000000 0.75037951
2.80000000 0.73800521
2.90000000 0.72740903
3.00000000 0.71816170
3.10000000 0.70708553
3.20000000 0.69800219
3.30000000 0.68873166
3.40000000 0.68017725
3.50000000 0.67238431
3.60000000 0.66373005
3.70000000 0.65527798
3.80000000 0.64711042
3.90000000 0.63875507
4.00000000 0.63060181
4.10000000 0.62206831
4.20000000 0.61414898
4.30000000 0.60503976
4.40000000 0.59799233
4.50000000 0.58953154
4.60000000 0.58152965
4.70000000 0.57396936
4.80000000 0.56575371
4.90000000 0.55721730
5.00000000 0.54917210
5.10000000 0.54070536
5.20000000 0.53328580
5.30000000 0.52501999
5.40000000 0.51706245
5.50000000 0.50912802
5.60000000 0.50137154
5.70000000 0.49329024
5.80000000 0.48549950
5.90000000 0.47768559
6.00000000 0.46976748
6.10000000 0.46260866
6.20000000 0.45509905
6.30000000 0.44705211
6.40000000 0.43992959
6.50000000 0.43234886
6.60000000 0.42463279
6.70000000 0.41701874
6.80000000 0.40951672
6.90000000 0.40240361
7.00000000 0.39512474
7.10000000 0.38763505
7.20000000 0.38016660
7.30000000 0.37291825
7.40000000 0.36574561
7.50000000 0.35874806
7.60000000 0.35190390
7.70000000 0.34472769
7.80000000 0.33789098
7.90000000 0.33081167
8.00000000 0.32408030
8.10000000 0.31736806
8.20000000 0.31060186
8.30000000 0.30379590
8.40000000 0.29698287
8.50000000 0.29028778
8.60000000 0.28379976
8.70000000 0.27736434
8.80000000 0.27107532
8.90000000 0.26470994
9.00000000 0.25823959
9.10000000 0.25193496
9.20000000 0.24569685
9.30000000 0.23959010
9.40000000 0.23373541
9.50000000 0.22748549
9.60000000 0.22183651
9.70000000 0.21595745
9.80000000 0.21012864
9.90000000 0.20443578
10.00000000 0.19873243
10.10000000 0.19316567
10.20000000 0.18771401
10.30000000 0.18224500
10.40000000 0.17684917
10.50000000 0.17165299
10.60000000 0.16609290
10.70000000 0.16110402
10.80000000 0.15603494
10.90000000 0.15082480
11.00000000 0.14610510
11.10000000 0.14117651
11.20000000 0.13631534
11.30000000 0.13173291
11.40000000 0.12709187
11.50000000 0.12254990
11.60000000 0.11809334
11.70000000 0.11361465
11.80000000 0.10936534
11.90000000 0.10505537
12.00000000 0.10102747
12.10000000 0.09697599
12.20000000 0.09284744
12.30000000 0.08904508
12.40000000 0.08527248
12.50000000 0.08156462
12.60000000 0.07803041
12.70000000 0.07433779
12.80000000 0.07100492
12.90000000 0.06762517
13.00000000 0.06433566
13.10000000 0.06116092
13.20000000 0.05806441
13.30000000 0.05506715
13.40000000 0.05215253
13.50000000 0.04928813
13.60000000 0.04659539
13.70000000 0.04396500
13.80000000 0.04141577
13.90000000 0.03891523
14.00000000 0.03664572
14.10000000 0.03434738
14.20000000 0.03215339
14.30000000 0.03009526
14.40000000 0.02806160
14.50000000 0.02619886
14.60000000 0.02440906
14.70000000 0.02261757
14.80000000 0.02101834
14.90000000 0.01942018
15.00000000 0.01793074
15.10000000 0.01653313
15.20000000 0.01523308
15.30000000 0.01397583
15.40000000 0.01283423
15.50000000 0.01171982
15.60000000 0.01070180
15.70000000 0.00974087
15.80000000 0.00886906
15.90000000 0.00805130
16.00000000 0.00728347
16.10000000 0.00658558
16.20000000 0.00591863
16.30000000 0.00530118
16.40000000 0.00477407
16.50000000 0.00425545
16.60000000 0.00381812
16.70000000 0.00338631
16.80000000 0.00299632
16.90000000 0.00266925
17.00000000 0.00235628
17.10000000 0.00205818
17.20000000 0.00182205
17.30000000 0.00160003
17.40000000 0.00139470
17.50000000 0.00122486
17.60000000 0.00106594
17.70000000 0.00092183
17.80000000 0.00080562
17.90000000 0.00068884
18.00000000 0.00059832
18.10000000 0.00051670
18.20000000 0.00043907
18.30000000 0.00037677
18.40000000 0.00032492
18.50000000 0.00027898
18.60000000 0.00023500
18.70000000 0.00019924
18.80000000 0.00017022
18.90000000 0.00014322
19.00000000 0.00012250
19.10000000 0.00010238
19.20000000 0.00008682
19.30000000 0.00007196
19.40000000 0.00006160
19.50000000 0.00005190
19.60000000 0.00004486
19.70000000 0.00003544
19.80000000 0.00003033
19.90000000 0.00002536
20.00000000 0.00002138
