0.10000000 0.00000000
0.20000000 0.00000000
0.30000000 0.00000000
0.40000000 0.00000000
0.50000000 0.00000000
0.60000000 0.00000000
0.70000000 0.00333493
0.80000000 0.27973989
0.90000000 0.95941474
1.00000000 1.22192370
1.10000000 1.19282219
1.20000000 1.09623427
1.30000000 1.00826858
1.40000000 0.93635121
1.50000000 0.88844072
1.60000000 0.86660542
1.70000000 0.85365141
1.80000000 0.83714363
1.90000000 0.81722620
2.00000000 0.79523822
2.10000000 0.77837951
2.20000000 0.76321955
2.30000000 0.75173066
2.40000000 0.74771026
2.50000000 0.74241259
2.60000000 0.73982754
2.70000000 0.73447971
2.80000000 0.72999394
2.90000000 0.72283311
3.00000000 0.71536490
3.10000000 0.70775918
3.20000000 0.69931659
3.30000000 0.69157192
3.40000000 0.68377963
3.50000000 0.67510334
3.60000000 0.66670790
3.70000000 0.65747989
3.80000000 0.64956079
3.90000000 0.64144372
4.00000000 0.63272759
4.10000000 0.62429530
4.20000000 0.61579265
4.30000000 0.60794087
4.40000000 0.59933654
4.50000000 0.59045642
4.60000000 0.58215450
4.70000000 0.57439418
4.80000000 0.56575769
4.90000000 0.55835009
5.00000000 0.55015919
5.10000000 0.54225518
5.20000000 0.53392608
5.30000000 0.52635285
5.40000000 0.51855433
5.50000000 0.51051428
5.60000000 0.50293871
5.70000000 0.49510338
5.80000000 0.48682481
5.90000000 0.47922248
6.00000000 0.47131932
6.10000000 0.46340551
6.20000000 0.45587439
6.30000000 0.44812855
6.40000000 0.44055987
6.50000000 0.43304717
6.60000000 0.42514523
6.70000000 0.41783771
6.80000000 0.41034859
6.90000000 0.40296063
7.00000000 0.39566029
7.10000000 0.38836571
7.20000000 0.38113119
7.30000000 0.37386465
7.40000000 0.36696165
7.50000000 0.35935800
7.60000000 0.35244263
7.70000000 0.34556462
7.80000000 0.33830506
7.90000000 0.33148476
8.00000000 0.32449031
8.10000000 0.31758745
8.20000000 0.31079716
8.30000000 0.30405707
8.40000000 0.29760481
8.50000000 0.29102008
8.60000000 0.28433404
8.70000000 0.27793312
8.80000000 0.27154969
8.90000000 0.26515730
9.00000000 0.25897864
9.10000000 0.25274962
9.20000000 0.24649192
9.30000000 0.24049458
9.40000000 0.23408213
9.50000000 0.22817888
9.60000000 0.22221548
9.70000000 0.21633023
9.80000000 0.21045966
9.90000000 0.20477102
10.00000000 0.19897709
10.10000000 0.19345665
10.20000000 0.18786332
10.30000000 0.18244766
10.40000000 0.17703382
10.50000000 0.17184524
10.60000000 0.16660388
10.70000000 0.16135187
10.80000000 0.15628635
10.90000000 0.15126330
11.00000000 0.14625474
11.10000000 0.14141105
11.20000000 0.13647238
11.30000000 0.13194611
11.40000000 0.12727948
11.50000000 0.12261356
11.60000000 0.11805166
11.70000000 0.11370873
11.80000000 0.10940125
11.90000000 0.10526975
12.00000000 0.10111640
12.10000000 0.09699994
12.20000000 0.09304489
12.30000000 0.08913747
12.40000000 0.08530169
12.50000000 0.08154189
12.60000000 0.07794945
12.70000000 0.07433249
12.80000000 0.07088416
12.90000000 0.06755598
13.00000000 0.06428944
13.10000000 0.06099018
13.20000000 0.05791637
13.30000000 0.05496317
13.40000000 0.05199169
13.50000000 0.04917491
13.60000000 0.04638523
13.70000000 0.04382446
13.80000000 0.04123645
13.90000000 0.03881473
14.00000000 0.03641564
14.10000000 0.03412302
14.20000000 0.03194089
14.30000000 0.02981806
14.40000000 0.02782528
14.50000000 0.02587258
14.60000000 0.02410650
14.70000000 0.02234928
14.80000000 0.02071456
14.90000000 0.01912996
15.00000000 0.01762261
15.10000000 0.01624778
15.20000000 0.01490263
15.30000000 0.01366812
15.40000000 0.01251105
15.50000000 0.01140714
15.60000000 0.01039399
15.70000000 0.00944248
15.80000000 0.00855244
15.90000000 0.00773941
16.00000000 0.00699877
16.10000000 0.00627050
16.20000000 0.00563749
16.30000000 0.00505277
16.40000000 0.00449955
16.50000000 0.00401852
16.60000000 0.00356984
16.70000000 0.00315454
16.80000000 0.00280089
16.90000000 0.00246232
17.00000000 0.00216497
17.10000000 0.00190057
17.20000000 0.00166590
17.30000000 0.00145344
17.40000000 0.00126236
17.50000000 0.00109439
17.60000000 0.00094438
17.70000000 0.00081429
17.80000000 0.00070122
17.90000000 0.00060287
18.00000000 0.00051820
18.10000000 0.00043841
18.20000000 0.00037133
18.30000000 0.00031568
18.40000000 0.00026923
18.50000000 0.00022586
18.60000000 0.00019286
18.70000000 0.00016103
18.80000000 0.00013632
18.90000000 0.00011284
19.00000000 0.00009563
19.10000000 0.00008049
19.20000000 0.00006722
19.30000000 0.00005532
19.40000000 0.00004608
19.50000000 0.00003896
19.60000000 0.00003122
19.70000000 0.00002583
19.80000000 0.00002133
19.90000000 0.00001810
20.00000000 0.00001439
