0.10000000 0.00000000
0.20000000 0.00000000
0.30000000 0.00000000
0.40000000 0.00000000
0.50000000 0.00000000
0.60000000 0.19248000
0.70000000 161.82996000
0.80000000 504.07468000
0.90000000 108.87676000
1.00000000 129.04964000
1.10000000 142.79532000
1.20000000 80.46078000
1.30000000 59.92076000
1.40000000 64.55992000
1.50000000 70.99008000
1.60000000 76.61192000
1.70000000 77.43642000
1.80000000 67.45600000
1.90000000 53.19338000
2.00000000 47.02840000
2.10000000 45.56006000
2.20000000 44.22152000
2.30000000 42.12690000
2.40000000 39.46164000
2.50000000 36.34896000
2.60000000 33.33040000
2.70000000 30.95460000
2.80000000 28.97684000
2.90000000 27.05046000
3.00000000 25.31142000
3.10000000 23.79474000
3.20000000 22.16508000
3.30000000 20.56416000
3.40000000 19.14062000
3.50000000 17.75498000
3.60000000 16.57172000
3.70000000 15.42850000
3.80000000 14.30162000
3.90000000 13.32624000
4.00000000 12.42574000
4.10000000 11.51434000
4.20000000 10.66582000
4.30000000 9.88692000
4.40000000 9.21962000
4.50000000 8.52836000
4.60000000 7.90214000
4.70000000 7.32130000
4.80000000 6.73558000
4.90000000 6.23160000
5.00000000 5.74558000
5.10000000 5.30568000
5.20000000 4.87646000
5.30000000 4.47584000
5.40000000 4.15672000
5.50000000 3.82734000
5.60000000 3.52234000
5.70000000 3.23028000
5.80000000 2.98854000
5.90000000 2.79046000
6.00000000 2.57532000
6.10000000 2.38262000
6.20000000 2.19584000
6.30000000 2.05464000
6.40000000 1.92084000
6.50000000 1.79678000
6.60000000 1.68550000
6.70000000 1.58644000
6.80000000 1.51232000
6.90000000 1.42344000
7.00000000 1.35348000
7.10000000 1.30172000
7.20000000 1.24200000
7.30000000 1.20158000
7.40000000 1.15146000
7.50000000 1.11536000
7.60000000 1.08024000
7.70000000 1.05624000
7.80000000 1.03216000
7.90000000 1.00574000
8.00000000 0.99044000
8.10000000 0.97888000
8.20000000 0.96678000
8.30000000 0.95256000
8.40000000 0.94262000
8.50000000 0.93792000
8.60000000 0.93228000
8.70000000 0.92456000
8.80000000 0.92252000
8.90000000 0.91550000
9.00000000 0.91326000
9.10000000 0.91160000
9.20000000 0.90936000
9.30000000 0.90718000
9.40000000 0.90364000
9.50000000 0.90808000
9.60000000 0.90608000
9.70000000 0.90524000
9.80000000 0.89928000
9.90000000 0.90478000
10.00000000 0.90270000
10.10000000 0.90940000
10.20000000 0.90216000
10.30000000 0.91124000
10.40000000 0.91240000
10.50000000 0.91108000
10.60000000 0.90934000
10.70000000 0.91142000
10.80000000 0.91340000
10.90000000 0.91614000
11.00000000 0.91846000
11.10000000 0.91964000
11.20000000 0.91346000
11.30000000 0.92194000
11.40000000 0.92108000
11.50000000 0.91994000
11.60000000 0.92504000
11.70000000 0.92428000
11.80000000 0.92760000
11.90000000 0.92706000
12.00000000 0.92688000
12.10000000 0.92962000
12.20000000 0.92916000
12.30000000 0.93270000
12.40000000 0.93424000
12.50000000 0.93228000
12.60000000 0.93868000
12.70000000 0.93490000
12.80000000 0.93890000
12.90000000 0.93948000
13.00000000 0.94250000
13.10000000 0.94264000
13.20000000 0.94408000
13.30000000 0.94790000
13.40000000 0.94492000
13.50000000 0.94526000
13.60000000 0.94814000
13.70000000 0.95194000
13.80000000 0.94792000
13.90000000 0.95104000
14.00000000 0.95162000
14.10000000 0.95426000
14.20000000 0.95904000
14.30000000 0.95442000
14.40000000 0.95750000
14.50000000 0.95794000
14.60000000 0.96002000
14.70000000 0.95968000
14.80000000 0.95798000
14.90000000 0.96042000
15.00000000 0.96532000
15.10000000 0.95824000
15.20000000 0.96264000
15.30000000 0.96484000
15.40000000 0.96378000
15.50000000 0.96146000
15.60000000 0.96400000
15.70000000 0.96650000
15.80000000 0.96298000
15.90000000 0.96626000
16.00000000 0.96670000
16.10000000 0.96378000
16.20000000 0.96442000
16.30000000 0.96934000
16.40000000 0.96868000
16.50000000 0.96566000
16.60000000 0.96894000
16.70000000 0.96838000
16.80000000 0.96926000
16.90000000 0.97230000
17.00000000 0.96998000
17.10000000 0.96878000
17.20000000 0.97050000
17.30000000 0.97048000
17.40000000 0.96956000
17.50000000 0.96932000
17.60000000 0.97166000
17.70000000 0.97072000
17.80000000 0.96992000
17.90000000 0.96850000
18.00000000 0.96926000
18.10000000 0.97100000
18.20000000 0.97120000
18.30000000 0.96862000
18.40000000 0.96840000
18.50000000 0.96598000
18.60000000 0.96792000
18.70000000 0.96788000
18.80000000 0.97006000
18.90000000 0.96688000
19.00000000 0.97150000
19.10000000 0.96924000
19.20000000 0.96928000
19.30000000 0.96770000
19.40000000 0.96970000
19.50000000 0.97246000
19.60000000 0.97280000
19.70000000 0.97608000
19.80000000 0.97150000
19.90000000 0.97222000
20.00000000 0.97326000
