0.10000000 0.00000000
0.20000000 0.00000000
0.30000000 0.00000000
0.40000000 0.00000000
0.50000000 0.00000000
0.60000000 0.00123287
0.70000000 0.64803352
0.80000000 2.02327496
0.90000000 0.89453622
1.00000000 0.94841550
1.10000000 0.94315501
1.20000000 0.71372891
1.30000000 0.64914648
1.40000000 0.68323855
1.50000000 0.73560307
1.60000000 0.78680579
1.70000000 0.83015832
1.80000000 0.82895948
1.90000000 0.80249609
2.00000000 0.78798199
2.10000000 0.78601658
2.20000000 0.78111331
2.30000000 0.77583294
2.40000000 0.77256950
2.50000000 0.76291259
2.60000000 0.74964782
2.70000000 0.74113917
2.80000000 0.73155689
2.90000000 0.72095331
3.00000000 0.71207094
3.10000000 0.70262766
3.20000000 0.69614151
3.30000000 0.68660232
3.40000000 0.67741593
3.50000000 0.66837872
3.60000000 0.66184321
3.70000000 0.65388741
3.80000000 0.64592935
3.90000000 0.63651054
4.00000000 0.62890900
4.10000000 0.62055754
4.20000000 0.61343660
4.30000000 0.60446258
4.40000000 0.59705170
4.50000000 0.59016736
4.60000000 0.58122522
4.70000000 0.57267288
4.80000000 0.56486319
4.90000000 0.55756716
5.00000000 0.54853375
5.10000000 0.54044954
5.20000000 0.53352381
5.30000000 0.52445725
5.40000000 0.51633352
5.50000000 0.50865369
5.60000000 0.50108783
5.70000000 0.49323324
5.80000000 0.48521058
5.90000000 0.47791216
6.00000000 0.47019595
6.10000000 0.46142206
6.20000000 0.45450772
6.30000000 0.44704222
6.40000000 0.43991707
6.50000000 0.43172509
6.60000000 0.42438246
6.70000000 0.41712126
6.80000000 0.40925701
6.90000000 0.40229378
7.00000000 0.39455343
7.10000000 0.38732082
7.20000000 0.37995635
7.30000000 0.37304150
7.40000000 0.36573858
7.50000000 0.35862866
7.60000000 0.35177742
7.70000000 0.34459676
7.80000000 0.33772465
7.90000000 0.33108596
8.00000000 0.32370710
8.10000000 0.31727594
8.20000000 0.31040797
8.30000000 0.30350699
8.40000000 0.29692582
8.50000000 0.29066718
8.60000000 0.28399445
8.70000000 0.27709624
8.80000000 0.27104063
8.90000000 0.26462007
9.00000000 0.25814981
9.10000000 0.25183623
9.20000000 0.24599720
9.30000000 0.23968217
9.40000000 0.23359304
9.50000000 0.22775570
9.60000000 0.22177069
9.70000000 0.21605693
9.80000000 0.21029731
9.90000000 0.20461814
10.00000000 0.19874457
10.10000000 0.19325362
10.20000000 0.18788704
10.30000000 0.18211055
10.40000000 0.17681837
10.50000000 0.17172852
10.60000000 0.16629804
10.70000000 0.16131189
10.80000000 0.15587949
10.90000000 0.15126288
11.00000000 0.14614218
11.10000000 0.14119667
11.20000000 0.13663416
11.30000000 0.13179427
11.40000000 0.12723359
11.50000000 0.12281500
11.60000000 0.11821832
11.70000000 0.11373930
11.80000000 0.10957869
11.90000000 0.10527101
12.00000000 0.10118883
12.10000000 0.09708367
12.20000000 0.09318169
12.30000000 0.08930352
12.40000000 0.08548006
12.50000000 0.08162627
12.60000000 0.07814915
12.70000000 0.07461606
12.80000000 0.07117570
12.90000000 0.06786210
13.00000000 0.06448460
13.10000000 0.06135026
13.20000000 0.05826060
13.30000000 0.05519686
13.40000000 0.05235622
13.50000000 0.04945455
13.60000000 0.04679542
13.70000000 0.04417090
13.80000000 0.04153587
13.90000000 0.03914527
14.00000000 0.03685626
14.10000000 0.03451132
14.20000000 0.03230425
14.30000000 0.03025310
14.40000000 0.02820233
14.50000000 0.02636828
14.60000000 0.02451294
14.70000000 0.02281601
14.80000000 0.02108683
14.90000000 0.01951821
15.00000000 0.01805858
15.10000000 0.01666730
15.20000000 0.01536814
15.30000000 0.01408108
15.40000000 0.01291913
15.50000000 0.01180360
15.60000000 0.01077413
15.70000000 0.00984771
15.80000000 0.00893483
15.90000000 0.00811543
16.00000000 0.00732655
16.10000000 0.00665308
16.20000000 0.00598913
16.30000000 0.00536002
16.40000000 0.00479170
16.50000000 0.00430636
16.60000000 0.00384376
16.70000000 0.00343080
16.80000000 0.00304283
16.90000000 0.00268261
17.00000000 0.00237785
17.10000000 0.00209151
17.20000000 0.00184788
17.30000000 0.00161461
17.40000000 0.00141392
17.50000000 0.00124206
17.60000000 0.00107456
17.70000000 0.00092858
17.80000000 0.00080604
17.90000000 0.00070070
18.00000000 0.00060460
18.10000000 0.00051398
18.20000000 0.00044840
18.30000000 0.00038460
18.40000000 0.00032768
18.50000000 0.00028109
18.60000000 0.00023740
18.70000000 0.00020317
18.80000000 0.00016867
18.90000000 0.00014453
19.00000000 0.00012259
19.10000000 0.00010552
19.20000000 0.00008757
19.30000000 0.00007262
19.40000000 0.00006066
19.50000000 0.00005138
19.60000000 0.00004369
19.70000000 0.00003586
19.80000000 0.00003150
19.90000000 0.00002564
20.00000000 0.00001997
