0.10000000 0.00000000
0.20000000 0.00000000
0.30000000 0.00000000
0.40000000 0.00000000
0.50000000 0.00000000
0.60000000 0.00000000
0.70000000 0.00008987
0.80000000 0.05962155
0.90000000 0.62786486
1.00000000 1.49811255
1.10000000 0.62719707
1.20000000 0.48057030
1.30000000 0.64206159
1.40000000 0.82558072
1.50000000 0.79066057
1.60000000 0.64701535
1.70000000 0.72479960
1.80000000 0.82407440
1.90000000 0.86615589
2.00000000 0.82966201
2.10000000 0.81159537
2.20000000 0.81956974
2.30000000 0.81476829
2.40000000 0.79340248
2.50000000 0.76917770
2.60000000 0.76298642
2.70000000 0.75398517
2.80000000 0.74263138
2.90000000 0.72903208
3.00000000 0.71846407
3.10000000 0.71058042
3.20000000 0.70115265
3.30000000 0.69298547
3.40000000 0.68212761
3.50000000 0.67469652
3.60000000 0.66811282
3.70000000 0.65974584
3.80000000 0.65057920
3.90000000 0.64253493
4.00000000 0.63574819
4.10000000 0.62755846
4.20000000 0.61963932
4.30000000 0.61041487
4.40000000 0.60251850
4.50000000 0.59475204
4.60000000 0.58672934
4.70000000 0.57828791
4.80000000 0.57013348
4.90000000 0.56204806
5.00000000 0.55344058
5.10000000 0.54593557
5.20000000 0.53679644
5.30000000 0.52853653
5.40000000 0.52064429
5.50000000 0.51253617
5.60000000 0.50474477
5.70000000 0.49627297
5.80000000 0.48878385
5.90000000 0.48138839
6.00000000 0.47314446
6.10000000 0.46549037
6.20000000 0.45771308
6.30000000 0.45016629
6.40000000 0.44252252
6.50000000 0.43488432
6.60000000 0.42731086
6.70000000 0.41966290
6.80000000 0.41232820
6.90000000 0.40468508
7.00000000 0.39748810
7.10000000 0.38996907
7.20000000 0.38256077
7.30000000 0.37534720
7.40000000 0.36796172
7.50000000 0.36091415
7.60000000 0.35379270
7.70000000 0.34669183
7.80000000 0.33956532
7.90000000 0.33287168
8.00000000 0.32587109
8.10000000 0.31943351
8.20000000 0.31243779
8.30000000 0.30572395
8.40000000 0.29877867
8.50000000 0.29198992
8.60000000 0.28551868
8.70000000 0.27890019
8.80000000 0.27241011
8.90000000 0.26604688
9.00000000 0.25980465
9.10000000 0.25337818
9.20000000 0.24710641
9.30000000 0.24084125
9.40000000 0.23493678
9.50000000 0.22895599
9.60000000 0.22288543
9.70000000 0.21706703
9.80000000 0.21140666
9.90000000 0.20551865
10.00000000 0.19985645
10.10000000 0.19419036
10.20000000 0.18877910
10.30000000 0.18314512
10.40000000 0.17773312
10.50000000 0.17217330
10.60000000 0.16698027
10.70000000 0.16178902
10.80000000 0.15652820
10.90000000 0.15158152
11.00000000 0.14656063
11.10000000 0.14173316
11.20000000 0.13675989
11.30000000 0.13235077
11.40000000 0.12757674
11.50000000 0.12288757
11.60000000 0.11822549
11.70000000 0.11396451
11.80000000 0.10958464
11.90000000 0.10521330
12.00000000 0.10111734
12.10000000 0.09690764
12.20000000 0.09300350
12.30000000 0.08909116
12.40000000 0.08514755
12.50000000 0.08146505
12.60000000 0.07776488
12.70000000 0.07424389
12.80000000 0.07076541
12.90000000 0.06731933
13.00000000 0.06401609
13.10000000 0.06087186
13.20000000 0.05773841
13.30000000 0.05464238
13.40000000 0.05178472
13.50000000 0.04890798
13.60000000 0.04618253
13.70000000 0.04346551
13.80000000 0.04096470
13.90000000 0.03844724
14.00000000 0.03604609
14.10000000 0.03380822
14.20000000 0.03153271
14.30000000 0.02936127
14.40000000 0.02743810
14.50000000 0.02547518
14.60000000 0.02365923
14.70000000 0.02193544
14.80000000 0.02028806
14.90000000 0.01871761
15.00000000 0.01722446
15.10000000 0.01580988
15.20000000 0.01452160
15.30000000 0.01325900
15.40000000 0.01209129
15.50000000 0.01101434
15.60000000 0.00998159
15.70000000 0.00904462
15.80000000 0.00815021
15.90000000 0.00737643
16.00000000 0.00660456
16.10000000 0.00593864
16.20000000 0.00529818
16.30000000 0.00472002
16.40000000 0.00419343
16.50000000 0.00372872
16.60000000 0.00330427
16.70000000 0.00291551
16.80000000 0.00254666
16.90000000 0.00222849
17.00000000 0.00195195
17.10000000 0.00169590
17.20000000 0.00147350
17.30000000 0.00127872
17.40000000 0.00110082
17.50000000 0.00095296
17.60000000 0.00081401
17.70000000 0.00069958
17.80000000 0.00059588
17.90000000 0.00050892
18.00000000 0.00042918
18.10000000 0.00036570
18.20000000 0.00030565
18.30000000 0.00026037
18.40000000 0.00021855
18.50000000 0.00018114
18.60000000 0.00015278
18.70000000 0.00012714
18.80000000 0.00010323
18.90000000 0.00008879
19.00000000 0.00007393
19.10000000 0.00006005
19.20000000 0.00004908
19.30000000 0.00004074
19.40000000 0.00003338
19.50000000 0.00002785
19.60000000 0.00002133
19.70000000 0.00001786
19.80000000 0.00001458
19.90000000 0.00001214
20.00000000 0.00000895
