0.10000000 0.00000000
0.20000000 0.00000000
0.30000000 0.00000000
0.40000000 0.00000000
0.50000000 6.07406000
0.60000000 104.04892000
0.70000000 259.52852000
0.80000000 279.51900000
0.90000000 106.49608000
1.00000000 134.54098000
1.10000000 144.46522000
1.20000000 93.13442000
1.30000000 74.79056000
1.40000000 77.28186000
1.50000000 74.34296000
1.60000000 70.32488000
1.70000000 67.93884000
1.80000000 61.20302000
1.90000000 53.14418000
2.00000000 49.52392000
2.10000000 47.33328000
2.20000000 44.47052000
2.30000000 41.50984000
2.40000000 38.76974000
2.50000000 35.98910000
2.60000000 33.49698000
2.70000000 31.18120000
2.80000000 29.00284000
2.90000000 27.06152000
3.00000000 25.31512000
3.10000000 23.62584000
3.20000000 22.01934000
3.30000000 20.55712000
3.40000000 19.06644000
3.50000000 17.70038000
3.60000000 16.51418000
3.70000000 15.40674000
3.80000000 14.30360000
3.90000000 13.31942000
4.00000000 12.39290000
4.10000000 11.51660000
4.20000000 10.69716000
4.30000000 9.91718000
4.40000000 9.17726000
4.50000000 8.51994000
4.60000000 7.88286000
4.70000000 7.25826000
4.80000000 6.73298000
4.90000000 6.20664000
5.00000000 5.71526000
5.10000000 5.27826000
5.20000000 4.85504000
5.30000000 4.47614000
5.40000000 4.14130000
5.50000000 3.81618000
5.60000000 3.51058000
5.70000000 3.24906000
5.80000000 2.98124000
5.90000000 2.76140000
6.00000000 2.55712000
6.10000000 2.37482000
6.20000000 2.20828000
6.30000000 2.04392000
6.40000000 1.92398000
6.50000000 1.79010000
6.60000000 1.68688000
6.70000000 1.59154000
6.80000000 1.50352000
6.90000000 1.42466000
7.00000000 1.35686000
7.10000000 1.29780000
7.20000000 1.24012000
7.30000000 1.19760000
7.40000000 1.15060000
7.50000000 1.11528000
7.60000000 1.08342000
7.70000000 1.05754000
7.80000000 1.03338000
7.90000000 1.00772000
8.00000000 0.99650000
8.10000000 0.97860000
8.20000000 0.96948000
8.30000000 0.95226000
8.40000000 0.94578000
8.50000000 0.93898000
8.60000000 0.93184000
8.70000000 0.92570000
8.80000000 0.91894000
8.90000000 0.91330000
9.00000000 0.91374000
9.10000000 0.90716000
9.20000000 0.90828000
9.30000000 0.90724000
9.40000000 0.90544000
9.50000000 0.90542000
9.60000000 0.90606000
9.70000000 0.90752000
9.80000000 0.90498000
9.90000000 0.90394000
10.00000000 0.90218000
10.10000000 0.91000000
10.20000000 0.90604000
10.30000000 0.90646000
10.40000000 0.90896000
10.50000000 0.91072000
10.60000000 0.91144000
10.70000000 0.91550000
10.80000000 0.91382000
10.90000000 0.91218000
11.00000000 0.91472000
11.10000000 0.92040000
11.20000000 0.91914000
11.30000000 0.91952000
11.40000000 0.92034000
11.50000000 0.92266000
11.60000000 0.92310000
11.70000000 0.92376000
11.80000000 0.92766000
11.90000000 0.92600000
12.00000000 0.92766000
12.10000000 0.92702000
12.20000000 0.92976000
12.30000000 0.93016000
12.40000000 0.93388000
12.50000000 0.93648000
12.60000000 0.93618000
12.70000000 0.93576000
12.80000000 0.94058000
12.90000000 0.94046000
13.00000000 0.94204000
13.10000000 0.94320000
13.20000000 0.94610000
13.30000000 0.94806000
13.40000000 0.94418000
13.50000000 0.94606000
13.60000000 0.94922000
13.70000000 0.94728000
13.80000000 0.95056000
13.90000000 0.95056000
14.00000000 0.95246000
14.10000000 0.95430000
14.20000000 0.95344000
14.30000000 0.95802000
14.40000000 0.95586000
14.50000000 0.96014000
14.60000000 0.96050000
14.70000000 0.95952000
14.80000000 0.95828000
14.90000000 0.96244000
15.00000000 0.96222000
15.10000000 0.96230000
15.20000000 0.96268000
15.30000000 0.96386000
15.40000000 0.96250000
15.50000000 0.96292000
15.60000000 0.96304000
15.70000000 0.96428000
15.80000000 0.96470000
15.90000000 0.96484000
16.00000000 0.96516000
16.10000000 0.96552000
16.20000000 0.96576000
16.30000000 0.96436000
16.40000000 0.96522000
16.50000000 0.96560000
16.60000000 0.96868000
16.70000000 0.97082000
16.80000000 0.97020000
16.90000000 0.97032000
17.00000000 0.96940000
17.10000000 0.96824000
17.20000000 0.96940000
17.30000000 0.96912000
17.40000000 0.96996000
17.50000000 0.97224000
17.60000000 0.97072000
17.70000000 0.97206000
17.80000000 0.97094000
17.90000000 0.96758000
18.00000000 0.96914000
18.10000000 0.96828000
18.20000000 0.96956000
18.30000000 0.96806000
18.40000000 0.96738000
18.50000000 0.96870000
18.60000000 0.96772000
18.70000000 0.96930000
18.80000000 0.96842000
18.90000000 0.96814000
19.00000000 0.97072000
19.10000000 0.96920000
19.20000000 0.96872000
19.30000000 0.97198000
19.40000000 0.96964000
19.50000000 0.97078000
19.60000000 0.97196000
19.70000000 0.97418000
19.80000000 0.97174000
19.90000000 0.97282000
20.00000000 0.97268000
