0.10000000 0.00000000
0.20000000 0.00000000
0.30000000 0.00000000
0.40000000 0.00000000
0.50000000 0.00000000
0.60000000 22.08592000
0.70000000 226.61198000
0.80000000 289.13882000
0.90000000 101.60802000
1.00000000 133.07140000
1.10000000 163.06762000
1.20000000 121.46994000
1.30000000 104.12348000
1.40000000 106.99254000
1.50000000 83.44806000
1.60000000 59.75830000
1.70000000 58.53082000
1.80000000 60.54108000
1.90000000 61.08498000
2.00000000 58.86812000
2.10000000 54.27718000
2.20000000 48.58412000
2.30000000 44.47944000
2.40000000 41.33982000
2.50000000 38.48642000
2.60000000 35.82620000
2.70000000 33.28690000
2.80000000 30.86714000
2.90000000 28.56346000
3.00000000 26.34884000
3.10000000 24.44664000
3.20000000 22.70910000
3.30000000 21.10970000
3.40000000 19.71630000
3.50000000 18.29160000
3.60000000 17.07052000
3.70000000 15.83278000
3.80000000 14.71886000
3.90000000 13.57736000
4.00000000 12.60062000
4.10000000 11.64858000
4.20000000 10.79504000
4.30000000 10.03376000
4.40000000 9.24920000
4.50000000 8.54938000
4.60000000 7.90492000
4.70000000 7.28114000
4.80000000 6.74400000
4.90000000 6.21060000
5.00000000 5.72884000
5.10000000 5.28214000
5.20000000 4.86866000
5.30000000 4.47640000
5.40000000 4.13268000
5.50000000 3.81138000
5.60000000 3.51884000
5.70000000 3.24234000
5.80000000 2.99170000
5.90000000 2.76758000
6.00000000 2.55866000
6.10000000 2.35972000
6.20000000 2.20594000
6.30000000 2.06126000
6.40000000 1.91898000
6.50000000 1.79648000
6.60000000 1.69060000
6.70000000 1.58258000
6.80000000 1.50544000
6.90000000 1.42088000
7.00000000 1.35596000
7.10000000 1.29676000
7.20000000 1.24284000
7.30000000 1.19172000
7.40000000 1.15534000
7.50000000 1.11828000
7.60000000 1.07916000
7.70000000 1.05802000
7.80000000 1.03148000
7.90000000 1.01304000
8.00000000 0.99558000
8.10000000 0.97438000
8.20000000 0.96620000
8.30000000 0.95204000
8.40000000 0.94644000
8.50000000 0.94304000
8.60000000 0.92906000
8.70000000 0.92360000
8.80000000 0.91922000
8.90000000 0.91682000
9.00000000 0.91260000
9.10000000 0.91112000
9.20000000 0.90490000
9.30000000 0.90598000
9.40000000 0.90412000
9.50000000 0.90500000
9.60000000 0.90678000
9.70000000 0.90386000
9.80000000 0.90532000
9.90000000 0.90186000
10.00000000 0.90720000
10.10000000 0.90516000
10.20000000 0.90710000
10.30000000 0.90678000
10.40000000 0.90768000
10.50000000 0.91122000
10.60000000 0.90842000
10.70000000 0.91320000
10.80000000 0.91302000
10.90000000 0.91458000
11.00000000 0.91378000
11.10000000 0.91678000
11.20000000 0.91726000
11.30000000 0.91952000
11.40000000 0.92302000
11.50000000 0.92120000
11.60000000 0.92212000
11.70000000 0.92324000
11.80000000 0.92362000
11.90000000 0.92536000
12.00000000 0.92682000
12.10000000 0.93262000
12.20000000 0.93232000
12.30000000 0.93068000
12.40000000 0.93310000
12.50000000 0.93114000
12.60000000 0.93674000
12.70000000 0.93748000
12.80000000 0.93942000
12.90000000 0.94316000
13.00000000 0.94122000
13.10000000 0.94210000
13.20000000 0.94468000
13.30000000 0.94350000
13.40000000 0.94780000
13.50000000 0.94662000
13.60000000 0.94880000
13.70000000 0.94866000
13.80000000 0.94776000
13.90000000 0.95298000
14.00000000 0.95404000
14.10000000 0.95366000
14.20000000 0.95518000
14.30000000 0.95580000
14.40000000 0.95702000
14.50000000 0.95940000
14.60000000 0.95868000
14.70000000 0.95938000
14.80000000 0.96020000
14.90000000 0.96054000
15.00000000 0.95902000
15.10000000 0.96142000
15.20000000 0.96330000
15.30000000 0.96152000
15.40000000 0.96012000
15.50000000 0.96260000
15.60000000 0.96386000
15.70000000 0.96364000
15.80000000 0.96456000
15.90000000 0.96434000
16.00000000 0.96308000
16.10000000 0.96398000
16.20000000 0.96458000
16.30000000 0.96746000
16.40000000 0.96544000
16.50000000 0.96802000
16.60000000 0.96764000
16.70000000 0.96776000
16.80000000 0.97102000
16.90000000 0.96872000
17.00000000 0.96938000
17.10000000 0.97006000
17.20000000 0.96820000
17.30000000 0.96914000
17.40000000 0.96916000
17.50000000 0.96960000
17.60000000 0.97062000
17.70000000 0.96914000
17.80000000 0.96998000
17.90000000 0.97122000
18.00000000 0.96978000
18.10000000 0.96832000
18.20000000 0.96810000
18.30000000 0.96952000
18.40000000 0.96622000
18.50000000 0.96658000
18.60000000 0.96996000
18.70000000 0.96774000
18.80000000 0.96834000
18.90000000 0.96620000
19.00000000 0.96890000
19.10000000 0.96820000
19.20000000 0.96906000
19.30000000 0.97108000
19.40000000 0.97088000
19.50000000 0.97132000
19.60000000 0.97300000
19.70000000 0.97384000
19.80000000 0.97086000
19.90000000 0.97214000
20.00000000 0.97074000
