0.10000000 0.00000000
0.20000000 0.00000000
0.30000000 0.00000000
0.40000000 0.00000000
0.50000000 0.00000000
0.60000000 0.00000000
0.70000000 0.02544000
0.80000000 24.00898000
0.90000000 257.20736000
1.00000000 613.19718000
1.10000000 190.87794000
1.20000000 103.26890000
1.30000000 167.35364000
1.40000000 239.86332000
1.50000000 212.77720000
1.60000000 134.33852000
1.70000000 148.37050000
1.80000000 172.68098000
1.90000000 176.71830000
2.00000000 153.61154000
2.10000000 142.04822000
2.20000000 142.58642000
2.30000000 137.89810000
2.40000000 127.09404000
2.50000000 115.23468000
2.60000000 109.42754000
2.70000000 103.96208000
2.80000000 97.28116000
2.90000000 89.75182000
3.00000000 83.70008000
3.10000000 78.68638000
3.20000000 73.57140000
3.30000000 68.28112000
3.40000000 63.46108000
3.50000000 59.16314000
3.60000000 55.38246000
3.70000000 51.31844000
3.80000000 47.50528000
3.90000000 44.11996000
4.00000000 40.85036000
4.10000000 37.86108000
4.20000000 34.72382000
4.30000000 32.01974000
4.40000000 29.48708000
4.50000000 27.10690000
4.60000000 24.75352000
4.70000000 22.67010000
4.80000000 20.74452000
4.90000000 18.91446000
5.00000000 17.15352000
5.10000000 15.57744000
5.20000000 14.16148000
5.30000000 12.77658000
5.40000000 11.55562000
5.50000000 10.38114000
5.60000000 9.37766000
5.70000000 8.40394000
5.80000000 7.55932000
5.90000000 6.75572000
6.00000000 6.04078000
6.10000000 5.40328000
6.20000000 4.81230000
6.30000000 4.30668000
6.40000000 3.84904000
6.50000000 3.41850000
6.60000000 3.07186000
6.70000000 2.72632000
6.80000000 2.45538000
6.90000000 2.19652000
7.00000000 1.96962000
7.10000000 1.77380000
7.20000000 1.61290000
7.30000000 1.46634000
7.40000000 1.32590000
7.50000000 1.21810000
7.60000000 1.11446000
7.70000000 1.02368000
7.80000000 0.96214000
7.90000000 0.89398000
8.00000000 0.85136000
8.10000000 0.80768000
8.20000000 0.77160000
8.30000000 0.74530000
8.40000000 0.72098000
8.50000000 0.68980000
8.60000000 0.68104000
8.70000000 0.66222000
8.80000000 0.65578000
8.90000000 0.64064000
9.00000000 0.63400000
9.10000000 0.62700000
9.20000000 0.62904000
9.30000000 0.62928000
9.40000000 0.62648000
9.50000000 0.62488000
9.60000000 0.63060000
9.70000000 0.63148000
9.80000000 0.62836000
9.90000000 0.63052000
10.00000000 0.63768000
10.10000000 0.63876000
10.20000000 0.63770000
10.30000000 0.64036000
10.40000000 0.64034000
10.50000000 0.64846000
10.60000000 0.64686000
10.70000000 0.65490000
10.80000000 0.66468000
10.90000000 0.66146000
11.00000000 0.66868000
11.10000000 0.67560000
11.20000000 0.67818000
11.30000000 0.68344000
11.40000000 0.68954000
11.50000000 0.68790000
11.60000000 0.70082000
11.70000000 0.70292000
11.80000000 0.70890000
11.90000000 0.71312000
12.00000000 0.72130000
12.10000000 0.72692000
12.20000000 0.72486000
12.30000000 0.73144000
12.40000000 0.73360000
12.50000000 0.73976000
12.60000000 0.74426000
12.70000000 0.74910000
12.80000000 0.75690000
12.90000000 0.76186000
13.00000000 0.76564000
13.10000000 0.77192000
13.20000000 0.77196000
13.30000000 0.77622000
13.40000000 0.78366000
13.50000000 0.78646000
13.60000000 0.79064000
13.70000000 0.79726000
13.80000000 0.80380000
13.90000000 0.80350000
14.00000000 0.80930000
14.10000000 0.81002000
14.20000000 0.81306000
14.30000000 0.81964000
14.40000000 0.82002000
14.50000000 0.82498000
14.60000000 0.83162000
14.70000000 0.83548000
14.80000000 0.83986000
14.90000000 0.84164000
15.00000000 0.84282000
15.10000000 0.84312000
15.20000000 0.84988000
15.30000000 0.84584000
15.40000000 0.84850000
15.50000000 0.84892000
15.60000000 0.85200000
15.70000000 0.85512000
15.80000000 0.85908000
15.90000000 0.85942000
16.00000000 0.86376000
16.10000000 0.86866000
16.20000000 0.86684000
16.30000000 0.87358000
16.40000000 0.87754000
16.50000000 0.87586000
16.60000000 0.88002000
16.70000000 0.88376000
16.80000000 0.88596000
16.90000000 0.88246000
17.00000000 0.88564000
17.10000000 0.88668000
17.20000000 0.88974000
17.30000000 0.88492000
17.40000000 0.88788000
17.50000000 0.89154000
17.60000000 0.89320000
17.70000000 0.89384000
17.80000000 0.89318000
17.90000000 0.89554000
18.00000000 0.89706000
18.10000000 0.89814000
18.20000000 0.89762000
18.30000000 0.90162000
18.40000000 0.89784000
18.50000000 0.90062000
18.60000000 0.90042000
18.70000000 0.90324000
18.80000000 0.90216000
18.90000000 0.90430000
19.00000000 0.90548000
19.10000000 0.90508000
19.20000000 0.90544000
19.30000000 0.90586000
19.40000000 0.90604000
19.50000000 0.90992000
19.60000000 0.90930000
19.70000000 0.90674000
19.80000000 0.91228000
19.90000000 0.91086000
20.00000000 0.91344000
