0.100000 0.000000
0.200000 0.000000
0.300000 0.000000
0.400000 0.000000
0.500000 0.000000
0.600000 0.200780
0.700000 142.200700
0.800000 450.343100
0.900000 70.914460
1.000000 88.940820
1.100000 104.679000
1.200000 48.725240
1.300000 29.768140
1.400000 33.433280
1.500000 38.230420
1.600000 41.775440
1.700000 41.584260
1.800000 31.271740
1.900000 17.676080
2.000000 12.246320
2.100000 11.581100
2.200000 11.080040
2.300000 10.262140
2.400000 8.880660
2.500000 7.083460
2.600000 5.574340
2.700000 4.545720
2.800000 3.971940
2.900000 3.458520
3.000000 3.125440
3.100000 2.799840
3.200000 2.445600
3.300000 2.122980
3.400000 1.800700
3.500000 1.522100
3.600000 1.363920
3.700000 1.253320
3.800000 1.177780
3.900000 1.129000
4.000000 1.064880
4.100000 1.040560
4.200000 1.035060
4.300000 1.011380
4.400000 0.990000
4.500000 0.981380
4.600000 1.007280
4.700000 0.996880
4.800000 1.012860
4.900000 0.999480
5.000000 0.988500
5.100000 0.995180
5.200000 0.980440
5.300000 0.997860
5.400000 1.005220
5.500000 1.006640
5.600000 1.000580
5.700000 1.006020
5.800000 1.012420
5.900000 1.007240
6.000000 1.003720
6.100000 0.995780
6.200000 1.002540
6.300000 1.002200
6.400000 1.006080
6.500000 0.997640
6.600000 0.998900
6.700000 0.995640
6.800000 0.995060
6.900000 0.993320
7.000000 0.992120
7.100000 0.990300
7.200000 0.992280
7.300000 0.993340
7.400000 0.995200
7.500000 0.991720
7.600000 0.996960
7.700000 0.986740
7.800000 0.993620
7.900000 0.994880
8.000000 0.989700
8.100000 0.991660
8.200000 0.989060
8.300000 0.985160
8.400000 0.998020
8.500000 0.994260
8.600000 0.983780
8.700000 0.987380
8.800000 0.987880
8.900000 0.986200
9.000000 0.983540
9.100000 0.995320
9.200000 0.987840
9.300000 0.987660
9.400000 0.996620
9.500000 0.987140
9.600000 0.992760
9.700000 1.001360
9.800000 0.992820
9.900000 0.992880
10.000000 0.997380
10.100000 1.000320
10.200000 0.998620
10.300000 0.997180
10.400000 0.998700
10.500000 0.996780
10.600000 0.998360
10.700000 0.995900
10.800000 0.995300
10.900000 0.998400
11.000000 0.994280
11.100000 1.002460
11.200000 0.991660
11.300000 0.997880
11.400000 0.989940
11.500000 0.995200
11.600000 0.992040
11.700000 1.000060
11.800000 0.989160
11.900000 0.995760
12.000000 0.997040
12.100000 1.000420
12.200000 0.994060
12.300000 0.997760
12.400000 0.998380
12.500000 0.997220
12.600000 0.991240
12.700000 0.999900
12.800000 0.995980
12.900000 0.998560
13.000000 0.995440
13.100000 0.994220
13.200000 0.994920
13.300000 0.994060
13.400000 0.996520
13.500000 0.998520
13.600000 0.998200
13.700000 0.998540
13.800000 0.997040
13.900000 0.992720
14.000000 1.002800
14.100000 0.996660
14.200000 0.995880
14.300000 0.999800
14.400000 0.999260
14.500000 1.003000
14.600000 0.997820
14.700000 1.005220
14.800000 0.999600
14.900000 1.001460
15.000000 1.004520
15.100000 0.999700
15.200000 1.001560
15.300000 1.002200
15.400000 0.998160
15.500000 0.997900
15.600000 0.994380
15.700000 0.997240
15.800000 0.996700
15.900000 0.997100
16.000000 0.995940
16.100000 0.999460
16.200000 0.999240
16.300000 0.997640
16.400000 0.996580
16.500000 0.995720
16.600000 0.998900
16.700000 1.000280
16.800000 0.997500
16.900000 0.995740
17.000000 0.999960
17.100000 0.997180
17.200000 0.998060
17.300000 0.994620
17.400000 1.000880
17.500000 1.000680
17.600000 0.994360
17.700000 0.994800
17.800000 0.995440
17.900000 0.995620
18.000000 0.996880
18.100000 0.996700
18.200000 0.998760
18.300000 0.995580
18.400000 0.993680
18.500000 0.996640
18.600000 0.992520
18.700000 0.999540
18.800000 0.995060
18.900000 0.996400
19.000000 0.995940
19.100000 0.995060
19.200000 0.995760
19.300000 0.996520
19.400000 0.999120
19.500000 0.997380
19.600000 0.996380
19.700000 0.996220
19.800000 0.999720
19.900000 1.001520
20.000000 0.996840
