0.10000000 0.00000000
0.20000000 0.00000000
0.30000000 0.00000000
0.40000000 0.00000000
0.50000000 0.00000000
0.60000000 0.00000000
0.70000000 0.31770000
0.80000000 32.54746000
0.90000000 120.02360000
1.00000000 162.84846000
1.10000000 162.91292000
1.20000000 150.54370000
1.30000000 135.68162000
1.40000000 123.13196000
1.50000000 112.56422000
1.60000000 104.68798000
1.70000000 98.12190000
1.80000000 91.96856000
1.90000000 85.51922000
2.00000000 79.64770000
2.10000000 74.22378000
2.20000000 69.49694000
2.30000000 65.30226000
2.40000000 61.79208000
2.50000000 58.39636000
2.60000000 55.27342000
2.70000000 52.10548000
2.80000000 49.25954000
2.90000000 46.42610000
3.00000000 43.64448000
3.10000000 41.08728000
3.20000000 38.49228000
3.30000000 36.15980000
3.40000000 33.72900000
3.50000000 31.62322000
3.60000000 29.40818000
3.70000000 27.43392000
3.80000000 25.58164000
3.90000000 23.70406000
4.00000000 21.95980000
4.10000000 20.34430000
4.20000000 18.88970000
4.30000000 17.44344000
4.40000000 16.09448000
4.50000000 14.77666000
4.60000000 13.59594000
4.70000000 12.53534000
4.80000000 11.49172000
4.90000000 10.51126000
5.00000000 9.62488000
5.10000000 8.79292000
5.20000000 8.02684000
5.30000000 7.30448000
5.40000000 6.67302000
5.50000000 6.05456000
5.60000000 5.53412000
5.70000000 5.02006000
5.80000000 4.57796000
5.90000000 4.15582000
6.00000000 3.78386000
6.10000000 3.43934000
6.20000000 3.12642000
6.30000000 2.86236000
6.40000000 2.60704000
6.50000000 2.36652000
6.60000000 2.17394000
6.70000000 2.00152000
6.80000000 1.83592000
6.90000000 1.70076000
7.00000000 1.59072000
7.10000000 1.46590000
7.20000000 1.37322000
7.30000000 1.29926000
7.40000000 1.22050000
7.50000000 1.16086000
7.60000000 1.10166000
7.70000000 1.06000000
7.80000000 1.01440000
7.90000000 0.98356000
8.00000000 0.94706000
8.10000000 0.92846000
8.20000000 0.90654000
8.30000000 0.89020000
8.40000000 0.86932000
8.50000000 0.85722000
8.60000000 0.84990000
8.70000000 0.83962000
8.80000000 0.82998000
8.90000000 0.82196000
9.00000000 0.82186000
9.10000000 0.81756000
9.20000000 0.81674000
9.30000000 0.81914000
9.40000000 0.81676000
9.50000000 0.81300000
9.60000000 0.81516000
9.70000000 0.81876000
9.80000000 0.81480000
9.90000000 0.81606000
10.00000000 0.81974000
10.10000000 0.82040000
10.20000000 0.82128000
10.30000000 0.82484000
10.40000000 0.82168000
10.50000000 0.82814000
10.60000000 0.82860000
10.70000000 0.82988000
10.80000000 0.83360000
10.90000000 0.83762000
11.00000000 0.83324000
11.10000000 0.84464000
11.20000000 0.83796000
11.30000000 0.84012000
11.40000000 0.84428000
11.50000000 0.85086000
11.60000000 0.84778000
11.70000000 0.85066000
11.80000000 0.85102000
11.90000000 0.85304000
12.00000000 0.85626000
12.10000000 0.86268000
12.20000000 0.86512000
12.30000000 0.86648000
12.40000000 0.86606000
12.50000000 0.86964000
12.60000000 0.87646000
12.70000000 0.87362000
12.80000000 0.87656000
12.90000000 0.88092000
13.00000000 0.88370000
13.10000000 0.88400000
13.20000000 0.88852000
13.30000000 0.89270000
13.40000000 0.89140000
13.50000000 0.89524000
13.60000000 0.89880000
13.70000000 0.90210000
13.80000000 0.90250000
13.90000000 0.90314000
14.00000000 0.90712000
14.10000000 0.91160000
14.20000000 0.91048000
14.30000000 0.90826000
14.40000000 0.91438000
14.50000000 0.91560000
14.60000000 0.91870000
14.70000000 0.92120000
14.80000000 0.92272000
14.90000000 0.92334000
15.00000000 0.92468000
15.10000000 0.92650000
15.20000000 0.92466000
15.30000000 0.92756000
15.40000000 0.93508000
15.50000000 0.93200000
15.60000000 0.93394000
15.70000000 0.93490000
15.80000000 0.93804000
15.90000000 0.93480000
16.00000000 0.93730000
16.10000000 0.94156000
16.20000000 0.93982000
16.30000000 0.93736000
16.40000000 0.94084000
16.50000000 0.94124000
16.60000000 0.94294000
16.70000000 0.94080000
16.80000000 0.94258000
16.90000000 0.94212000
17.00000000 0.94446000
17.10000000 0.94324000
17.20000000 0.94594000
17.30000000 0.94638000
17.40000000 0.94438000
17.50000000 0.94508000
17.60000000 0.94394000
17.70000000 0.94712000
17.80000000 0.94518000
17.90000000 0.94400000
18.00000000 0.94654000
18.10000000 0.94404000
18.20000000 0.94632000
18.30000000 0.94770000
18.40000000 0.94822000
18.50000000 0.94664000
18.60000000 0.94872000
18.70000000 0.94892000
18.80000000 0.94964000
18.90000000 0.94834000
19.00000000 0.95080000
19.10000000 0.94986000
19.20000000 0.95058000
19.30000000 0.95132000
19.40000000 0.95134000
19.50000000 0.95074000
19.60000000 0.95158000
19.70000000 0.95070000
19.80000000 0.95074000
19.90000000 0.95024000
20.00000000 0.95340000
