0.10000000 0.00000000
0.20000000 0.00000000
0.30000000 0.00000000
0.40000000 0.00000000
0.50000000 0.02805147
0.60000000 0.46357836
0.70000000 1.12825612
0.80000000 1.30132561
0.90000000 0.78337644
1.00000000 0.91723902
1.10000000 0.96858331
1.20000000 0.78486064
1.30000000 0.72918439
1.40000000 0.74572357
1.50000000 0.75337504
1.60000000 0.76949165
1.70000000 0.79559028
1.80000000 0.80157655
1.90000000 0.79509003
2.00000000 0.79729827
2.10000000 0.79708422
2.20000000 0.78970254
2.30000000 0.78057865
2.40000000 0.77148186
2.50000000 0.76061664
2.60000000 0.75165579
2.70000000 0.74397484
2.80000000 0.73351658
2.90000000 0.72453093
3.00000000 0.71537315
3.10000000 0.70648426
3.20000000 0.69714501
3.30000000 0.68786843
3.40000000 0.67935185
3.50000000 0.67133126
3.60000000 0.66294759
3.70000000 0.65526889
3.80000000 0.64702777
3.90000000 0.63870458
4.00000000 0.63102442
4.10000000 0.62251990
4.20000000 0.61461519
4.30000000 0.60631370
4.40000000 0.59898077
4.50000000 0.59058744
4.60000000 0.58276524
4.70000000 0.57443272
4.80000000 0.56670582
4.90000000 0.55848201
5.00000000 0.55059685
5.10000000 0.54192497
5.20000000 0.53375525
5.30000000 0.52541935
5.40000000 0.51824882
5.50000000 0.50984639
5.60000000 0.50208396
5.70000000 0.49387595
5.80000000 0.48631064
5.90000000 0.47876302
6.00000000 0.47063043
6.10000000 0.46297484
6.20000000 0.45584621
6.30000000 0.44798956
6.40000000 0.44049490
6.50000000 0.43272150
6.60000000 0.42491299
6.70000000 0.41778952
6.80000000 0.41031048
6.90000000 0.40300090
7.00000000 0.39536875
7.10000000 0.38833890
7.20000000 0.38088053
7.30000000 0.37359284
7.40000000 0.36649914
7.50000000 0.35892479
7.60000000 0.35217519
7.70000000 0.34536201
7.80000000 0.33829231
7.90000000 0.33119083
8.00000000 0.32445998
8.10000000 0.31771623
8.20000000 0.31112325
8.30000000 0.30400953
8.40000000 0.29752596
8.50000000 0.29076215
8.60000000 0.28428581
8.70000000 0.27773694
8.80000000 0.27138575
8.90000000 0.26491095
9.00000000 0.25851575
9.10000000 0.25221900
9.20000000 0.24625354
9.30000000 0.24000263
9.40000000 0.23392968
9.50000000 0.22779785
9.60000000 0.22188995
9.70000000 0.21610671
9.80000000 0.21040617
9.90000000 0.20459789
10.00000000 0.19884325
10.10000000 0.19344240
10.20000000 0.18777219
10.30000000 0.18236768
10.40000000 0.17704400
10.50000000 0.17146735
10.60000000 0.16625290
10.70000000 0.16124644
10.80000000 0.15610859
10.90000000 0.15104902
11.00000000 0.14613956
11.10000000 0.14118444
11.20000000 0.13651701
11.30000000 0.13171233
11.40000000 0.12709623
11.50000000 0.12258928
11.60000000 0.11796526
11.70000000 0.11365740
11.80000000 0.10935835
11.90000000 0.10501861
12.00000000 0.10095917
12.10000000 0.09693361
12.20000000 0.09295146
12.30000000 0.08902515
12.40000000 0.08520929
12.50000000 0.08153729
12.60000000 0.07786469
12.70000000 0.07435743
12.80000000 0.07090938
12.90000000 0.06750732
13.00000000 0.06424387
13.10000000 0.06108432
13.20000000 0.05795406
13.30000000 0.05498577
13.40000000 0.05204326
13.50000000 0.04921354
13.60000000 0.04651729
13.70000000 0.04389684
13.80000000 0.04133654
13.90000000 0.03887689
14.00000000 0.03649416
14.10000000 0.03420838
14.20000000 0.03207956
14.30000000 0.02996751
14.40000000 0.02796643
14.50000000 0.02609497
14.60000000 0.02427161
14.70000000 0.02255443
14.80000000 0.02091769
14.90000000 0.01933257
15.00000000 0.01784186
15.10000000 0.01645658
15.20000000 0.01513243
15.30000000 0.01389347
15.40000000 0.01276738
15.50000000 0.01165616
15.60000000 0.01065206
15.70000000 0.00968555
15.80000000 0.00882298
15.90000000 0.00799354
16.00000000 0.00720522
16.10000000 0.00653828
16.20000000 0.00587048
16.30000000 0.00527634
16.40000000 0.00473207
16.50000000 0.00422784
16.60000000 0.00378249
16.70000000 0.00336053
16.80000000 0.00298025
16.90000000 0.00264464
17.00000000 0.00233158
17.10000000 0.00205457
17.20000000 0.00180977
17.30000000 0.00159891
17.40000000 0.00138715
17.50000000 0.00120957
17.60000000 0.00105351
17.70000000 0.00092146
17.80000000 0.00079493
17.90000000 0.00068992
18.00000000 0.00059283
18.10000000 0.00051248
18.20000000 0.00043813
18.30000000 0.00037728
18.40000000 0.00032243
18.50000000 0.00027373
18.60000000 0.00023444
18.70000000 0.00020013
18.80000000 0.00016881
18.90000000 0.00014256
19.00000000 0.00012264
19.10000000 0.00010140
19.20000000 0.00008612
19.30000000 0.00007341
19.40000000 0.00006019
19.50000000 0.00005110
19.60000000 0.00004379
19.70000000 0.00003647
19.80000000 0.00002958
19.90000000 0.00002475
20.00000000 0.00002039
