0.100000 0.000000
0.200000 0.000000
0.300000 0.000000
0.400000 0.000000
0.500000 5.184820
0.600000 90.060780
0.700000 226.055100
0.800000 238.805840
0.900000 73.906780
1.000000 97.052320
1.100000 105.662500
1.200000 58.189000
1.300000 41.847420
1.400000 43.641220
1.500000 40.581340
1.600000 36.113400
1.700000 32.774060
1.800000 25.744700
1.900000 17.929680
2.000000 14.491700
2.100000 13.011220
2.200000 11.267620
2.300000 9.645640
2.400000 8.214480
2.500000 6.852420
2.600000 5.695820
2.700000 4.802660
2.800000 4.088000
2.900000 3.442120
3.000000 3.035420
3.100000 2.652380
3.200000 2.325640
3.300000 2.003480
3.400000 1.744880
3.500000 1.560560
3.600000 1.412160
3.700000 1.287560
3.800000 1.194480
3.900000 1.133060
4.000000 1.098380
4.100000 1.064920
4.200000 1.023520
4.300000 1.013400
4.400000 1.003100
4.500000 0.994680
4.600000 0.998840
4.700000 0.991440
4.800000 0.996000
4.900000 0.986660
5.000000 0.989060
5.100000 0.984700
5.200000 0.998380
5.300000 0.996500
5.400000 1.001940
5.500000 0.997880
5.600000 0.997160
5.700000 1.000580
5.800000 1.004540
5.900000 1.002540
6.000000 1.005520
6.100000 1.010380
6.200000 1.002880
6.300000 0.996800
6.400000 0.995040
6.500000 0.998980
6.600000 0.992880
6.700000 0.995740
6.800000 1.000800
6.900000 0.989960
7.000000 0.992700
7.100000 0.996940
7.200000 0.998240
7.300000 0.994760
7.400000 0.999620
7.500000 1.003380
7.600000 0.987800
7.700000 0.991660
7.800000 0.988780
7.900000 0.987680
8.000000 0.990240
8.100000 0.995640
8.200000 0.992260
8.300000 0.990320
8.400000 0.990260
8.500000 0.990820
8.600000 0.985120
8.700000 0.991560
8.800000 0.989240
8.900000 0.981120
9.000000 0.989700
9.100000 0.987740
9.200000 0.990180
9.300000 0.991020
9.400000 0.990880
9.500000 0.992120
9.600000 0.995520
9.700000 0.993460
9.800000 0.990600
9.900000 0.989200
10.000000 0.997960
10.100000 0.996580
10.200000 0.995540
10.300000 1.001640
10.400000 0.996440
10.500000 0.997940
10.600000 1.001420
10.700000 0.996080
10.800000 1.000600
10.900000 0.994440
11.000000 0.992880
11.100000 0.997780
11.200000 0.992500
11.300000 0.997520
11.400000 0.991840
11.500000 0.990760
11.600000 0.995840
11.700000 0.998280
11.800000 0.995480
11.900000 0.993220
12.000000 0.995480
12.100000 0.998520
12.200000 0.994320
12.300000 0.998880
12.400000 0.996640
12.500000 0.997240
12.600000 0.996620
12.700000 0.998900
12.800000 0.992280
12.900000 0.999960
13.000000 0.995120
13.100000 0.996180
13.200000 0.995580
13.300000 0.994140
13.400000 0.997920
13.500000 0.996660
13.600000 0.997520
13.700000 0.995860
13.800000 0.998220
13.900000 1.000940
14.000000 1.000480
14.100000 0.997560
14.200000 1.003320
14.300000 0.998920
14.400000 1.002180
14.500000 0.998520
14.600000 1.003700
14.700000 0.997800
14.800000 1.002340
14.900000 1.003180
15.000000 1.000060
15.100000 0.997620
15.200000 1.002700
15.300000 0.999160
15.400000 0.997400
15.500000 0.999680
15.600000 0.996500
15.700000 0.998700
15.800000 0.994580
15.900000 0.995960
16.000000 0.996440
16.100000 0.996340
16.200000 0.999940
16.300000 0.996020
16.400000 0.995520
16.500000 0.996980
16.600000 0.999180
16.700000 0.994840
16.800000 0.997080
16.900000 0.998880
17.000000 0.997880
17.100000 0.998440
17.200000 1.000820
17.300000 0.999080
17.400000 0.994060
17.500000 0.997660
17.600000 0.997140
17.700000 0.995300
17.800000 0.995160
17.900000 0.997980
18.000000 0.994340
18.100000 0.996220
18.200000 0.994900
18.300000 0.996280
18.400000 0.997680
18.500000 0.997540
18.600000 0.997200
18.700000 0.995940
18.800000 0.996160
18.900000 0.995480
19.000000 0.996900
19.100000 0.996120
19.200000 0.997040
19.300000 0.997940
19.400000 0.999620
19.500000 0.999120
19.600000 0.997100
19.700000 0.998480
19.800000 0.999720
19.900000 1.000500
20.000000 0.998960
