0.100000 0.000000
0.200000 0.000000
0.300000 0.000000
0.400000 0.000000
0.500000 0.000000
0.600000 0.293560
0.700000 143.936700
0.800000 457.912860
0.900000 87.534940
1.000000 115.642520
1.100000 132.676260
1.200000 66.311120
1.300000 43.056020
1.400000 47.399600
1.500000 53.855440
1.600000 58.359360
1.700000 57.475040
1.800000 45.417260
1.900000 29.045740
2.000000 22.316800
2.100000 21.382480
2.200000 20.792360
2.300000 19.423360
2.400000 17.527900
2.500000 15.030600
2.600000 12.768400
2.700000 11.207340
2.800000 9.900060
2.900000 8.878100
3.000000 7.987220
3.100000 7.292020
3.200000 6.514700
3.300000 5.711500
3.400000 5.028460
3.500000 4.324440
3.600000 3.875700
3.700000 3.487640
3.800000 3.178140
3.900000 2.887660
4.000000 2.652320
4.100000 2.373900
4.200000 2.189460
4.300000 1.997020
4.400000 1.871900
4.500000 1.703220
4.600000 1.613300
4.700000 1.506040
4.800000 1.416720
4.900000 1.352380
5.000000 1.274020
5.100000 1.234420
5.200000 1.178040
5.300000 1.157820
5.400000 1.110620
5.500000 1.091320
5.600000 1.058400
5.700000 1.055620
5.800000 1.045100
5.900000 1.028040
6.000000 1.013920
6.100000 1.002660
6.200000 0.993420
6.300000 0.989840
6.400000 0.991360
6.500000 0.980760
6.600000 0.974440
6.700000 0.972060
6.800000 0.987920
6.900000 0.986040
7.000000 0.983820
7.100000 0.980840
7.200000 0.985740
7.300000 0.980380
7.400000 0.986800
7.500000 0.995060
7.600000 0.991920
7.700000 0.993680
7.800000 0.988800
7.900000 0.985780
8.000000 0.986740
8.100000 0.983980
8.200000 0.996800
8.300000 0.996420
8.400000 0.983380
8.500000 0.989560
8.600000 0.989800
8.700000 0.989760
8.800000 0.995320
8.900000 0.992160
9.000000 0.993640
9.100000 0.992400
9.200000 0.998600
9.300000 0.993140
9.400000 0.992900
9.500000 0.995900
9.600000 0.993840
9.700000 0.998700
9.800000 0.997300
9.900000 0.998020
10.000000 0.990820
10.100000 0.988580
10.200000 0.997680
10.300000 0.996740
10.400000 1.003120
10.500000 1.002180
10.600000 0.993660
10.700000 0.997560
10.800000 0.997880
10.900000 1.000640
11.000000 0.995900
11.100000 0.999040
11.200000 1.001700
11.300000 0.994940
11.400000 1.000300
11.500000 1.001400
11.600000 0.996100
11.700000 0.998220
11.800000 0.995200
11.900000 0.999220
12.000000 0.995860
12.100000 0.996160
12.200000 0.998420
12.300000 1.002480
12.400000 1.000660
12.500000 1.001320
12.600000 0.999260
12.700000 0.999760
12.800000 0.993000
12.900000 0.999480
13.000000 0.998820
13.100000 0.998880
13.200000 0.999180
13.300000 0.993100
13.400000 0.997620
13.500000 0.994900
13.600000 0.994160
13.700000 0.997680
13.800000 0.991720
13.900000 0.997280
14.000000 0.994900
14.100000 0.990720
14.200000 0.992360
14.300000 0.993760
14.400000 0.996900
14.500000 0.999360
14.600000 0.996860
14.700000 0.995580
14.800000 0.998320
14.900000 1.002400
15.000000 0.996700
15.100000 0.998860
15.200000 1.000020
15.300000 1.001800
15.400000 0.993720
15.500000 0.996920
15.600000 0.996340
15.700000 0.999620
15.800000 1.003060
15.900000 0.999180
16.000000 0.999300
16.100000 0.996520
16.200000 0.999080
16.300000 1.000360
16.400000 0.997220
16.500000 0.999360
16.600000 0.993040
16.700000 0.997340
16.800000 0.999560
16.900000 0.997620
17.000000 0.994420
17.100000 0.992080
17.200000 0.995240
17.300000 0.993220
17.400000 0.993600
17.500000 0.995640
17.600000 0.997040
17.700000 0.995380
17.800000 0.991940
17.900000 0.992240
18.000000 0.996960
18.100000 0.997660
18.200000 0.995140
18.300000 0.995300
18.400000 0.994520
18.500000 0.994200
18.600000 0.993480
18.700000 0.994880
18.800000 0.995280
18.900000 0.994920
19.000000 0.997780
19.100000 0.997180
19.200000 1.000880
19.300000 0.996440
19.400000 0.995000
19.500000 0.992980
19.600000 0.997640
19.700000 0.999440
19.800000 0.996960
19.900000 0.994900
20.000000 0.997780
