0.10000000 0.00000000
0.20000000 0.00000000
0.30000000 0.00000000
0.40000000 0.00000000
0.50000000 0.00000000
0.60000000 0.00000000
0.70000000 0.42530000
0.80000000 37.55468000
0.90000000 134.86060000
1.00000000 178.24802000
1.10000000 176.93688000
1.20000000 163.09524000
1.30000000 148.29962000
1.40000000 134.24142000
1.50000000 123.85470000
1.60000000 116.74422000
1.70000000 110.34942000
1.80000000 104.58200000
1.90000000 97.82238000
2.00000000 91.59138000
2.10000000 85.80158000
2.20000000 80.90866000
2.30000000 76.57488000
2.40000000 72.77278000
2.50000000 69.38422000
2.60000000 66.08478000
2.70000000 62.96032000
2.80000000 60.04726000
2.90000000 57.06946000
3.00000000 54.22544000
3.10000000 51.48980000
3.20000000 48.94486000
3.30000000 46.42216000
3.40000000 43.94784000
3.50000000 41.57560000
3.60000000 39.33056000
3.70000000 37.05844000
3.80000000 35.01028000
3.90000000 32.99056000
4.00000000 30.97534000
4.10000000 29.16192000
4.20000000 27.39800000
4.30000000 25.70730000
4.40000000 24.10270000
4.50000000 22.64042000
4.60000000 21.16344000
4.70000000 19.76272000
4.80000000 18.52600000
4.90000000 17.28526000
5.00000000 16.08414000
5.10000000 15.01214000
5.20000000 13.94264000
5.30000000 12.99518000
5.40000000 12.06148000
5.50000000 11.15496000
5.60000000 10.33064000
5.70000000 9.56774000
5.80000000 8.87994000
5.90000000 8.17378000
6.00000000 7.54436000
6.10000000 6.96710000
6.20000000 6.40832000
6.30000000 5.90820000
6.40000000 5.40998000
6.50000000 5.00334000
6.60000000 4.59452000
6.70000000 4.21384000
6.80000000 3.87978000
6.90000000 3.57196000
7.00000000 3.27546000
7.10000000 3.01060000
7.20000000 2.77368000
7.30000000 2.56046000
7.40000000 2.35604000
7.50000000 2.17224000
7.60000000 2.00592000
7.70000000 1.86198000
7.80000000 1.73138000
7.90000000 1.61110000
8.00000000 1.50366000
8.10000000 1.41664000
8.20000000 1.32740000
8.30000000 1.25112000
8.40000000 1.18300000
8.50000000 1.12888000
8.60000000 1.08034000
8.70000000 1.03262000
8.80000000 0.99004000
8.90000000 0.95518000
9.00000000 0.93152000
9.10000000 0.90348000
9.20000000 0.87944000
9.30000000 0.86246000
9.40000000 0.84576000
9.50000000 0.82884000
9.60000000 0.82026000
9.70000000 0.80780000
9.80000000 0.79950000
9.90000000 0.79426000
10.00000000 0.78642000
10.10000000 0.78730000
10.20000000 0.77798000
10.30000000 0.78088000
10.40000000 0.77534000
10.50000000 0.77466000
10.60000000 0.77306000
10.70000000 0.77420000
10.80000000 0.77438000
10.90000000 0.77644000
11.00000000 0.77852000
11.10000000 0.77762000
11.20000000 0.77980000
11.30000000 0.78508000
11.40000000 0.78498000
11.50000000 0.78790000
11.60000000 0.78954000
11.70000000 0.79026000
11.80000000 0.79268000
11.90000000 0.80052000
12.00000000 0.79648000
12.10000000 0.80298000
12.20000000 0.80498000
12.30000000 0.80674000
12.40000000 0.80852000
12.50000000 0.81034000
12.60000000 0.81662000
12.70000000 0.81540000
12.80000000 0.81774000
12.90000000 0.82136000
13.00000000 0.82760000
13.10000000 0.82648000
13.20000000 0.83134000
13.30000000 0.83332000
13.40000000 0.83656000
13.50000000 0.83494000
13.60000000 0.84090000
13.70000000 0.83974000
13.80000000 0.84260000
13.90000000 0.84498000
14.00000000 0.84438000
14.10000000 0.85018000
14.20000000 0.85392000
14.30000000 0.85284000
14.40000000 0.85494000
14.50000000 0.85648000
14.60000000 0.85716000
14.70000000 0.86002000
14.80000000 0.85940000
14.90000000 0.86246000
15.00000000 0.86398000
15.10000000 0.86508000
15.20000000 0.86864000
15.30000000 0.86798000
15.40000000 0.86924000
15.50000000 0.87272000
15.60000000 0.87496000
15.70000000 0.87508000
15.80000000 0.87576000
15.90000000 0.87922000
16.00000000 0.87908000
16.10000000 0.88128000
16.20000000 0.88150000
16.30000000 0.88210000
16.40000000 0.88302000
16.50000000 0.88274000
16.60000000 0.88488000
16.70000000 0.88436000
16.80000000 0.88796000
16.90000000 0.88518000
17.00000000 0.88820000
17.10000000 0.89026000
17.20000000 0.88778000
17.30000000 0.89008000
17.40000000 0.88952000
17.50000000 0.89118000
17.60000000 0.89216000
17.70000000 0.89064000
17.80000000 0.89186000
17.90000000 0.88954000
18.00000000 0.89190000
18.10000000 0.89076000
18.20000000 0.88992000
18.30000000 0.89028000
18.40000000 0.88896000
18.50000000 0.88738000
18.60000000 0.89114000
18.70000000 0.89030000
18.80000000 0.88946000
18.90000000 0.89070000
19.00000000 0.89022000
19.10000000 0.89322000
19.20000000 0.89144000
19.30000000 0.89228000
19.40000000 0.89108000
19.50000000 0.89162000
19.60000000 0.89354000
19.70000000 0.89186000
19.80000000 0.89392000
19.90000000 0.89294000
20.00000000 0.89368000
