0.100000 0.000000
0.200000 0.000000
0.300000 0.000000
0.400000 0.000000
0.500000 0.000000
0.600000 0.000000
0.700000 0.000000
0.800000 0.064700
0.900000 0.669204
1.000000 1.586119
1.100000 0.656692
1.200000 0.487453
1.300000 0.635748
1.400000 0.827342
1.500000 0.790234
1.600000 0.657469
1.700000 0.736849
1.800000 0.845456
1.900000 0.891047
2.000000 0.863877
2.100000 0.846922
2.200000 0.854624
2.300000 0.850954
2.400000 0.830747
2.500000 0.809121
2.600000 0.798620
2.700000 0.790735
2.800000 0.779735
2.900000 0.764683
3.000000 0.753412
3.100000 0.744051
3.200000 0.733775
3.300000 0.725442
3.400000 0.714143
3.500000 0.708521
3.600000 0.701223
3.700000 0.691744
3.800000 0.684678
3.900000 0.675677
4.000000 0.668054
4.100000 0.661385
4.200000 0.653136
4.300000 0.646072
4.400000 0.638030
4.500000 0.630714
4.600000 0.621068
4.700000 0.612891
4.800000 0.604766
4.900000 0.595660
5.000000 0.587649
5.100000 0.579947
5.200000 0.571254
5.300000 0.563663
5.400000 0.555054
5.500000 0.547802
5.600000 0.539261
5.700000 0.531542
5.800000 0.523910
5.900000 0.516181
6.000000 0.508574
6.100000 0.500920
6.200000 0.493092
6.300000 0.485618
6.400000 0.477346
6.500000 0.469507
6.600000 0.462043
6.700000 0.454862
6.800000 0.446781
6.900000 0.439332
7.000000 0.432196
7.100000 0.424734
7.200000 0.417293
7.300000 0.409715
7.400000 0.402977
7.500000 0.395354
7.600000 0.388120
7.700000 0.381125
7.800000 0.374032
7.900000 0.367140
8.000000 0.359729
8.100000 0.352757
8.200000 0.346111
8.300000 0.339412
8.400000 0.332040
8.500000 0.325543
8.600000 0.318917
8.700000 0.312054
8.800000 0.305681
8.900000 0.298955
9.000000 0.292715
9.100000 0.285971
9.200000 0.279986
9.300000 0.273585
9.400000 0.266978
9.500000 0.260971
9.600000 0.255034
9.700000 0.248894
9.800000 0.242813
9.900000 0.236714
10.000000 0.231170
10.100000 0.225293
10.200000 0.219214
10.300000 0.213638
10.400000 0.207782
10.500000 0.202432
10.600000 0.196734
10.700000 0.191148
10.800000 0.185887
10.900000 0.180649
11.000000 0.175381
11.100000 0.170230
11.200000 0.165083
11.300000 0.160282
11.400000 0.155205
11.500000 0.150400
11.600000 0.145381
11.700000 0.140943
11.800000 0.136108
11.900000 0.131357
12.000000 0.126876
12.100000 0.122464
12.200000 0.117965
12.300000 0.113628
12.400000 0.109461
12.500000 0.105265
12.600000 0.101255
12.700000 0.097239
12.800000 0.093262
12.900000 0.089578
13.000000 0.085902
13.100000 0.082085
13.200000 0.078521
13.300000 0.075026
13.400000 0.071709
13.500000 0.068270
13.600000 0.065069
13.700000 0.061897
13.800000 0.058927
13.900000 0.055816
14.000000 0.052977
14.100000 0.050142
14.200000 0.047368
14.300000 0.044755
14.400000 0.042172
14.500000 0.039774
14.600000 0.037331
14.700000 0.035054
14.800000 0.032837
14.900000 0.030744
15.000000 0.028759
15.100000 0.026808
15.200000 0.025015
15.300000 0.023210
15.400000 0.021557
15.500000 0.019932
15.600000 0.018444
15.700000 0.016947
15.800000 0.015596
15.900000 0.014316
16.000000 0.013089
16.100000 0.011994
16.200000 0.010881
16.300000 0.009936
16.400000 0.008996
16.500000 0.008134
16.600000 0.007322
16.700000 0.006612
16.800000 0.005933
16.900000 0.005309
17.000000 0.004749
17.100000 0.004214
17.200000 0.003747
17.300000 0.003313
17.400000 0.002922
17.500000 0.002571
17.600000 0.002253
17.700000 0.001972
17.800000 0.001733
17.900000 0.001503
18.000000 0.001302
18.100000 0.001124
18.200000 0.000976
18.300000 0.000837
18.400000 0.000711
18.500000 0.000612
18.600000 0.000522
18.700000 0.000440
18.800000 0.000374
18.900000 0.000310
19.000000 0.000265
19.100000 0.000220
19.200000 0.000183
19.300000 0.000152
19.400000 0.000124
19.500000 0.000104
19.600000 0.000086
19.700000 0.000070
19.800000 0.000057
19.900000 0.000045
20.000000 0.000038
