0.10000000 0.00000000
0.20000000 0.00000000
0.30000000 0.00000000
0.40000000 0.00000000
0.50000000 0.00000000
0.60000000 0.24760000
0.70000000 170.31862000
0.80000000 534.18934000
0.90000000 146.87176000
1.00000000 177.29680000
1.10000000 191.53896000
1.20000000 115.41866000
1.30000000 90.35396000
1.40000000 96.25956000
1.50000000 105.11294000
1.60000000 112.54536000
1.70000000 114.30926000
1.80000000 102.80678000
1.90000000 85.31552000
2.00000000 78.42982000
2.10000000 76.68648000
2.20000000 75.00926000
2.30000000 72.31548000
2.40000000 68.97372000
2.50000000 64.60532000
2.60000000 60.68104000
2.70000000 57.26774000
2.80000000 54.08936000
2.90000000 51.34962000
3.00000000 48.61986000
3.10000000 46.18962000
3.20000000 43.64214000
3.30000000 41.10592000
3.40000000 38.72092000
3.50000000 36.37682000
3.60000000 34.48050000
3.70000000 32.46002000
3.80000000 30.67528000
3.90000000 28.99712000
4.00000000 27.36894000
4.10000000 25.75410000
4.20000000 24.22632000
4.30000000 22.74530000
4.40000000 21.41920000
4.50000000 20.10324000
4.60000000 18.86442000
4.70000000 17.71062000
4.80000000 16.53092000
4.90000000 15.48168000
5.00000000 14.46580000
5.10000000 13.52488000
5.20000000 12.63640000
5.30000000 11.75092000
5.40000000 10.95058000
5.50000000 10.19278000
5.60000000 9.48302000
5.70000000 8.83602000
5.80000000 8.20086000
5.90000000 7.61912000
6.00000000 7.07346000
6.10000000 6.54554000
6.20000000 6.07744000
6.30000000 5.62484000
6.40000000 5.19630000
6.50000000 4.83066000
6.60000000 4.46840000
6.70000000 4.11434000
6.80000000 3.80994000
6.90000000 3.53202000
7.00000000 3.27582000
7.10000000 3.02688000
7.20000000 2.81610000
7.30000000 2.60340000
7.40000000 2.41234000
7.50000000 2.23438000
7.60000000 2.09254000
7.70000000 1.94966000
7.80000000 1.82818000
7.90000000 1.70792000
8.00000000 1.60624000
8.10000000 1.51144000
8.20000000 1.43042000
8.30000000 1.34602000
8.40000000 1.28256000
8.50000000 1.22328000
8.60000000 1.16726000
8.70000000 1.12186000
8.80000000 1.07562000
8.90000000 1.04072000
9.00000000 1.00116000
9.10000000 0.98204000
9.20000000 0.95260000
9.30000000 0.93328000
9.40000000 0.91710000
9.50000000 0.89432000
9.60000000 0.88390000
9.70000000 0.87022000
9.80000000 0.85822000
9.90000000 0.84986000
10.00000000 0.84264000
10.10000000 0.83602000
10.20000000 0.82762000
10.30000000 0.82600000
10.40000000 0.82362000
10.50000000 0.82336000
10.60000000 0.81572000
10.70000000 0.81582000
10.80000000 0.81376000
10.90000000 0.81640000
11.00000000 0.81722000
11.10000000 0.81706000
11.20000000 0.81442000
11.30000000 0.81322000
11.40000000 0.81626000
11.50000000 0.81826000
11.60000000 0.82014000
11.70000000 0.81802000
11.80000000 0.82210000
11.90000000 0.82118000
12.00000000 0.82186000
12.10000000 0.82580000
12.20000000 0.83050000
12.30000000 0.83304000
12.40000000 0.83728000
12.50000000 0.83438000
12.60000000 0.83528000
12.70000000 0.83656000
12.80000000 0.83990000
12.90000000 0.84204000
13.00000000 0.84272000
13.10000000 0.84564000
13.20000000 0.84754000
13.30000000 0.84834000
13.40000000 0.85312000
13.50000000 0.85480000
13.60000000 0.85238000
13.70000000 0.85488000
13.80000000 0.85492000
13.90000000 0.85922000
14.00000000 0.85654000
14.10000000 0.86326000
14.20000000 0.86490000
14.30000000 0.86488000
14.40000000 0.86730000
14.50000000 0.86862000
14.60000000 0.86878000
14.70000000 0.87050000
14.80000000 0.87456000
14.90000000 0.87736000
15.00000000 0.87490000
15.10000000 0.87778000
15.20000000 0.87978000
15.30000000 0.88568000
15.40000000 0.88160000
15.50000000 0.88884000
15.60000000 0.88500000
15.70000000 0.88464000
15.80000000 0.88882000
15.90000000 0.88748000
16.00000000 0.88800000
16.10000000 0.89266000
16.20000000 0.89446000
16.30000000 0.89204000
16.40000000 0.89274000
16.50000000 0.89478000
16.60000000 0.89558000
16.70000000 0.89902000
16.80000000 0.89952000
16.90000000 0.89798000
17.00000000 0.89972000
17.10000000 0.89836000
17.20000000 0.89478000
17.30000000 0.89938000
17.40000000 0.89958000
17.50000000 0.89990000
17.60000000 0.90082000
17.70000000 0.89816000
17.80000000 0.90054000
17.90000000 0.89848000
18.00000000 0.89978000
18.10000000 0.90056000
18.20000000 0.89800000
18.30000000 0.90264000
18.40000000 0.90222000
18.50000000 0.90114000
18.60000000 0.90020000
18.70000000 0.90360000
18.80000000 0.90444000
18.90000000 0.90078000
19.00000000 0.90258000
19.10000000 0.90314000
19.20000000 0.90288000
19.30000000 0.90136000
19.40000000 0.90508000
19.50000000 0.90500000
19.60000000 0.90430000
19.70000000 0.90568000
19.80000000 0.90284000
19.90000000 0.90468000
20.00000000 0.90330000
