0.100000 0.000000
0.200000 0.000000
0.300000 0.000000
0.400000 0.000000
0.500000 0.000000
0.600000 0.000000
0.700000 0.762480
0.800000 27.620720
0.900000 73.878880
1.000000 83.079920
1.100000 73.613960
1.200000 63.877480
1.300000 55.639780
1.400000 48.692080
1.500000 43.498740
1.600000 39.916080
1.700000 36.635680
1.800000 33.115140
1.900000 29.691740
2.000000 26.634380
2.100000 23.963080
2.200000 21.699100
2.300000 19.746600
2.400000 18.022040
2.500000 16.394480
2.600000 14.927960
2.700000 13.488640
2.800000 12.143760
2.900000 10.961680
3.000000 9.840280
3.100000 8.869060
3.200000 7.953140
3.300000 7.121120
3.400000 6.367760
3.500000 5.691880
3.600000 5.067700
3.700000 4.501300
3.800000 4.014400
3.900000 3.565680
4.000000 3.157020
4.100000 2.804200
4.200000 2.469720
4.300000 2.172200
4.400000 1.908420
4.500000 1.680080
4.600000 1.474140
4.700000 1.290440
4.800000 1.129340
4.900000 0.983660
5.000000 0.858740
5.100000 0.750480
5.200000 0.653340
5.300000 0.565800
5.400000 0.493840
5.500000 0.426720
5.600000 0.371700
5.700000 0.319860
5.800000 0.274560
5.900000 0.236580
6.000000 0.204800
6.100000 0.174780
6.200000 0.149700
6.300000 0.127860
6.400000 0.108640
6.500000 0.093440
6.600000 0.078860
6.700000 0.066580
6.800000 0.056580
6.900000 0.048440
7.000000 0.040660
7.100000 0.033700
7.200000 0.028240
7.300000 0.024020
7.400000 0.019840
7.500000 0.016320
7.600000 0.013660
7.700000 0.011540
7.800000 0.009440
7.900000 0.007880
8.000000 0.006280
8.100000 0.005300
8.200000 0.004360
8.300000 0.003380
8.400000 0.003020
8.500000 0.002300
8.600000 0.001820
8.700000 0.001520
8.800000 0.001200
8.900000 0.000940
9.000000 0.000740
9.100000 0.000580
9.200000 0.000460
9.300000 0.000380
9.400000 0.000300
9.500000 0.000220
9.600000 0.000200
9.700000 0.000100
9.800000 0.000100
9.900000 0.000100
10.000000 0.000100
10.100000 0.000020
10.200000 0.000000
10.300000 0.000000
10.400000 0.000000
10.500000 0.000000
10.600000 0.000000
10.700000 0.000000
10.800000 0.000000
10.900000 0.000000
11.000000 0.000000
11.100000 0.000000
11.200000 0.000000
11.300000 0.000000
11.400000 0.000000
11.500000 0.000000
11.600000 0.000000
11.700000 0.000000
11.800000 0.000000
11.900000 0.000000
12.000000 0.000000
12.100000 0.000000
12.200000 0.000000
12.300000 0.000000
12.400000 0.000000
12.500000 0.000000
12.600000 0.000000
12.700000 0.000000
12.800000 0.000000
12.900000 0.000000
13.000000 0.000000
13.100000 0.000000
13.200000 0.000000
13.300000 0.000000
13.400000 0.000000
13.500000 0.000000
13.600000 0.000000
13.700000 0.000000
13.800000 0.000000
13.900000 0.000000
14.000000 0.000000
14.100000 0.000000
14.200000 0.000000
14.300000 0.000000
14.400000 0.000000
14.500000 0.000000
14.600000 0.000000
14.700000 0.000000
14.800000 0.000000
14.900000 0.000000
15.000000 0.000000
15.100000 0.000000
15.200000 0.000000
15.300000 0.000000
15.400000 0.000000
15.500000 0.000000
15.600000 0.000000
15.700000 0.000000
15.800000 0.000000
15.900000 0.000000
16.000000 0.000000
16.100000 0.000000
16.200000 0.000000
16.300000 0.000000
16.400000 0.000000
16.500000 0.000000
16.600000 0.000000
16.700000 0.000000
16.800000 0.000000
16.900000 0.000000
17.000000 0.000000
17.100000 0.000000
17.200000 0.000000
17.300000 0.000000
17.400000 0.000000
17.500000 0.000000
17.600000 0.000000
17.700000 0.000000
17.800000 0.000000
17.900000 0.000000
18.000000 0.000000
18.100000 0.000000
18.200000 0.000000
18.300000 0.000000
18.400000 0.000000
18.500000 0.000000
18.600000 0.000000
18.700000 0.000000
18.800000 0.000000
18.900000 0.000000
19.000000 0.000000
19.100000 0.000000
19.200000 0.000000
19.300000 0.000000
19.400000 0.000000
19.500000 0.000000
19.600000 0.000000
19.700000 0.000000
19.800000 0.000000
19.900000 0.000000
20.000000 0.000000
