0.100000 0.000000
0.200000 0.000000
0.300000 0.000000
0.400000 0.000000
0.500000 0.000000
0.600000 0.000000
0.700000 0.003803
0.800000 0.288169
0.900000 0.967240
1.000000 1.223448
1.100000 1.183786
1.200000 1.087015
1.300000 1.003679
1.400000 0.934550
1.500000 0.889509
1.600000 0.874987
1.700000 0.865497
1.800000 0.853702
1.900000 0.830598
2.000000 0.808644
2.100000 0.789296
2.200000 0.774727
2.300000 0.763634
2.400000 0.756295
2.500000 0.753384
2.600000 0.749726
2.700000 0.744624
2.800000 0.739067
2.900000 0.732648
3.000000 0.726756
3.100000 0.719311
3.200000 0.711758
3.300000 0.705049
3.400000 0.697715
3.500000 0.689645
3.600000 0.681792
3.700000 0.673913
3.800000 0.665769
3.900000 0.657370
4.000000 0.649088
4.100000 0.640875
4.200000 0.633175
4.300000 0.625183
4.400000 0.617128
4.500000 0.609313
4.600000 0.601608
4.700000 0.593846
4.800000 0.586159
4.900000 0.578174
5.000000 0.570674
5.100000 0.562996
5.200000 0.555635
5.300000 0.548238
5.400000 0.540693
5.500000 0.532557
5.600000 0.525268
5.700000 0.517914
5.800000 0.510072
5.900000 0.502321
6.000000 0.495137
6.100000 0.487373
6.200000 0.480158
6.300000 0.472917
6.400000 0.465119
6.500000 0.458586
6.600000 0.450954
6.700000 0.443706
6.800000 0.436160
6.900000 0.429503
7.000000 0.422219
7.100000 0.415307
7.200000 0.408006
7.300000 0.401065
7.400000 0.394016
7.500000 0.387014
7.600000 0.380271
7.700000 0.373424
7.800000 0.366377
7.900000 0.359813
8.000000 0.353112
8.100000 0.346415
8.200000 0.339784
8.300000 0.333252
8.400000 0.326691
8.500000 0.320143
8.600000 0.313677
8.700000 0.307574
8.800000 0.300686
8.900000 0.294761
9.000000 0.288334
9.100000 0.282235
9.200000 0.276138
9.300000 0.270085
9.400000 0.264044
9.500000 0.257916
9.600000 0.252020
9.700000 0.246141
9.800000 0.240362
9.900000 0.234662
10.000000 0.229009
10.100000 0.223409
10.200000 0.217751
10.300000 0.212207
10.400000 0.206819
10.500000 0.201381
10.600000 0.196087
10.700000 0.190814
10.800000 0.185696
10.900000 0.180351
11.000000 0.175328
11.100000 0.170234
11.200000 0.165363
11.300000 0.160507
11.400000 0.155558
11.500000 0.150864
11.600000 0.146085
11.700000 0.141532
11.800000 0.136890
11.900000 0.132545
12.000000 0.128041
12.100000 0.123791
12.200000 0.119458
12.300000 0.115304
12.400000 0.111170
12.500000 0.107120
12.600000 0.103098
12.700000 0.099211
12.800000 0.095371
12.900000 0.091690
13.000000 0.087963
13.100000 0.084305
13.200000 0.080848
13.300000 0.077389
13.400000 0.074006
13.500000 0.070761
13.600000 0.067525
13.700000 0.064406
13.800000 0.061383
13.900000 0.058451
14.000000 0.055552
14.100000 0.052687
14.200000 0.050062
14.300000 0.047388
14.400000 0.044865
14.500000 0.042373
14.600000 0.039997
14.700000 0.037657
14.800000 0.035492
14.900000 0.033371
15.000000 0.031265
15.100000 0.029319
15.200000 0.027407
15.300000 0.025612
15.400000 0.023867
15.500000 0.022205
15.600000 0.020594
15.700000 0.019143
15.800000 0.017747
15.900000 0.016386
16.000000 0.015099
16.100000 0.013922
16.200000 0.012779
16.300000 0.011716
16.400000 0.010729
16.500000 0.009798
16.600000 0.008924
16.700000 0.008106
16.800000 0.007347
16.900000 0.006651
17.000000 0.006015
17.100000 0.005407
17.200000 0.004869
17.300000 0.004376
17.400000 0.003907
17.500000 0.003490
17.600000 0.003102
17.700000 0.002749
17.800000 0.002454
17.900000 0.002162
18.000000 0.001895
18.100000 0.001674
18.200000 0.001470
18.300000 0.001287
18.400000 0.001114
18.500000 0.000981
18.600000 0.000851
18.700000 0.000738
18.800000 0.000637
18.900000 0.000550
19.000000 0.000473
19.100000 0.000408
19.200000 0.000347
19.300000 0.000297
19.400000 0.000254
19.500000 0.000216
19.600000 0.000182
19.700000 0.000156
19.800000 0.000132
19.900000 0.000110
20.000000 0.000093
