0.100000 0.000000
0.200000 0.000000
0.300000 0.000000
0.400000 0.000000
0.500000 0.024794
0.600000 0.430238
0.700000 1.061539
0.800000 1.235249
0.900000 0.755682
1.000000 0.888781
1.100000 0.944046
1.200000 0.782331
1.300000 0.729111
1.400000 0.746899
1.500000 0.752778
1.600000 0.765124
1.700000 0.787325
1.800000 0.786916
1.900000 0.777628
2.000000 0.779914
2.100000 0.780815
2.200000 0.774174
2.300000 0.768427
2.400000 0.759938
2.500000 0.752087
2.600000 0.742926
2.700000 0.735076
2.800000 0.727818
2.900000 0.718488
3.000000 0.710225
3.100000 0.701475
3.200000 0.693199
3.300000 0.684008
3.400000 0.676293
3.500000 0.668857
3.600000 0.661758
3.700000 0.654489
3.800000 0.647393
3.900000 0.639299
4.000000 0.632190
4.100000 0.625074
4.200000 0.617599
4.300000 0.610331
4.400000 0.602968
4.500000 0.595623
4.600000 0.587979
4.700000 0.580636
4.800000 0.572743
4.900000 0.565251
5.000000 0.557674
5.100000 0.550796
5.200000 0.543418
5.300000 0.535672
5.400000 0.528651
5.500000 0.521149
5.600000 0.513650
5.700000 0.506613
5.800000 0.499203
5.900000 0.492032
6.000000 0.484767
6.100000 0.478005
6.200000 0.470604
6.300000 0.463287
6.400000 0.456270
6.500000 0.449155
6.600000 0.442051
6.700000 0.435162
6.800000 0.428470
6.900000 0.421457
7.000000 0.414485
7.100000 0.407695
7.200000 0.400851
7.300000 0.394042
7.400000 0.387645
7.500000 0.380760
7.600000 0.374017
7.700000 0.367359
7.800000 0.360828
7.900000 0.354160
8.000000 0.347734
8.100000 0.341460
8.200000 0.334845
8.300000 0.328528
8.400000 0.322225
8.500000 0.316021
8.600000 0.309690
8.700000 0.303696
8.800000 0.297403
8.900000 0.291353
9.000000 0.285405
9.100000 0.279320
9.200000 0.273319
9.300000 0.267411
9.400000 0.261767
9.500000 0.255744
9.600000 0.250099
9.700000 0.244373
9.800000 0.238698
9.900000 0.233104
10.000000 0.227518
10.100000 0.222041
10.200000 0.216623
10.300000 0.211162
10.400000 0.205986
10.500000 0.200640
10.600000 0.195630
10.700000 0.190295
10.800000 0.185316
10.900000 0.180311
11.000000 0.175267
11.100000 0.170433
11.200000 0.165587
11.300000 0.160894
11.400000 0.156095
11.500000 0.151436
11.600000 0.146918
11.700000 0.142287
11.800000 0.137861
11.900000 0.133502
12.000000 0.129177
12.100000 0.124905
12.200000 0.120726
12.300000 0.116586
12.400000 0.112524
12.500000 0.108499
12.600000 0.104574
12.700000 0.100773
12.800000 0.097058
12.900000 0.093272
13.000000 0.089701
13.100000 0.086197
13.200000 0.082683
13.300000 0.079333
13.400000 0.075965
13.500000 0.072734
13.600000 0.069521
13.700000 0.066412
13.800000 0.063430
13.900000 0.060463
14.000000 0.057556
14.100000 0.054815
14.200000 0.052144
14.300000 0.049489
14.400000 0.046978
14.500000 0.044478
14.600000 0.042093
14.700000 0.039721
14.800000 0.037540
14.900000 0.035405
15.000000 0.033323
15.100000 0.031305
15.200000 0.029391
15.300000 0.027567
15.400000 0.025800
15.500000 0.024092
15.600000 0.022491
15.700000 0.020963
15.800000 0.019506
15.900000 0.018089
16.000000 0.016789
16.100000 0.015540
16.200000 0.014364
16.300000 0.013248
16.400000 0.012195
16.500000 0.011216
16.600000 0.010276
16.700000 0.009425
16.800000 0.008599
16.900000 0.007848
17.000000 0.007135
17.100000 0.006497
17.200000 0.005884
17.300000 0.005317
17.400000 0.004801
17.500000 0.004322
17.600000 0.003891
17.700000 0.003491
17.800000 0.003122
17.900000 0.002799
18.000000 0.002493
18.100000 0.002221
18.200000 0.001974
18.300000 0.001754
18.400000 0.001551
18.500000 0.001366
18.600000 0.001209
18.700000 0.001055
18.800000 0.000930
18.900000 0.000813
19.000000 0.000712
19.100000 0.000622
19.200000 0.000542
19.300000 0.000473
19.400000 0.000412
19.500000 0.000356
19.600000 0.000308
19.700000 0.000266
19.800000 0.000229
19.900000 0.000196
20.000000 0.000171
