0.10000000 0.00000000
0.20000000 0.00000000
0.30000000 0.00000000
0.40000000 0.00000000
0.50000000 0.00000000
0.60000000 0.09312058
0.70000000 0.88892655
0.80000000 1.21636646
0.90000000 0.76511820
1.00000000 0.87830750
1.10000000 0.97044551
1.20000000 0.84738336
1.30000000 0.79947110
1.40000000 0.81770354
1.50000000 0.76018622
1.60000000 0.71792687
1.70000000 0.74693190
1.80000000 0.78098674
1.90000000 0.79999235
2.00000000 0.80549771
2.10000000 0.79598675
2.20000000 0.78077772
2.30000000 0.76929816
2.40000000 0.76194729
2.50000000 0.75511043
2.60000000 0.74719047
2.70000000 0.73883622
2.80000000 0.73053008
2.90000000 0.72025946
3.00000000 0.71128332
3.10000000 0.70113712
3.20000000 0.69287477
3.30000000 0.68522079
3.40000000 0.67692350
3.50000000 0.66979665
3.60000000 0.66283849
3.70000000 0.65419271
3.80000000 0.64682581
3.90000000 0.63997417
4.00000000 0.63161832
4.10000000 0.62449158
4.20000000 0.61716352
4.30000000 0.60941473
4.40000000 0.60258621
4.50000000 0.59475057
4.60000000 0.58721014
4.70000000 0.57973952
4.80000000 0.57247089
4.90000000 0.56406077
5.00000000 0.55699259
5.10000000 0.54938629
5.20000000 0.54240957
5.30000000 0.53473082
5.40000000 0.52778030
5.50000000 0.52035248
5.60000000 0.51262544
5.70000000 0.50544399
5.80000000 0.49843848
5.90000000 0.49077522
6.00000000 0.48386782
6.10000000 0.47701459
6.20000000 0.46993537
6.30000000 0.46240350
6.40000000 0.45513471
6.50000000 0.44833179
6.60000000 0.44162512
6.70000000 0.43470070
6.80000000 0.42721168
6.90000000 0.42042030
7.00000000 0.41371687
7.10000000 0.40703739
7.20000000 0.39991625
7.30000000 0.39360937
7.40000000 0.38687254
7.50000000 0.38005331
7.60000000 0.37351072
7.70000000 0.36686035
7.80000000 0.35996559
7.90000000 0.35340526
8.00000000 0.34689024
8.10000000 0.34075421
8.20000000 0.33435092
8.30000000 0.32808365
8.40000000 0.32174689
8.50000000 0.31532241
8.60000000 0.30937644
8.70000000 0.30320486
8.80000000 0.29692325
8.90000000 0.29097327
9.00000000 0.28470666
9.10000000 0.27906638
9.20000000 0.27277505
9.30000000 0.26713197
9.40000000 0.26126719
9.50000000 0.25534270
9.60000000 0.24979586
9.70000000 0.24396278
9.80000000 0.23848444
9.90000000 0.23275035
10.00000000 0.22730107
10.10000000 0.22178505
10.20000000 0.21637275
10.30000000 0.21102845
10.40000000 0.20579764
10.50000000 0.20053629
10.60000000 0.19529394
10.70000000 0.19028132
10.80000000 0.18510627
10.90000000 0.18006272
11.00000000 0.17529120
11.10000000 0.17027963
11.20000000 0.16552805
11.30000000 0.16082546
11.40000000 0.15605290
11.50000000 0.15136526
11.60000000 0.14687279
11.70000000 0.14224195
11.80000000 0.13787221
11.90000000 0.13354349
12.00000000 0.12921852
12.10000000 0.12490634
12.20000000 0.12071155
12.30000000 0.11657125
12.40000000 0.11255637
12.50000000 0.10856368
12.60000000 0.10474495
12.70000000 0.10083169
12.80000000 0.09711740
12.90000000 0.09344864
13.00000000 0.08985437
13.10000000 0.08628466
13.20000000 0.08283145
13.30000000 0.07937918
13.40000000 0.07612093
13.50000000 0.07288603
13.60000000 0.06967942
13.70000000 0.06664370
13.80000000 0.06357431
13.90000000 0.06055276
14.00000000 0.05778352
14.10000000 0.05500725
14.20000000 0.05225536
14.30000000 0.04968712
14.40000000 0.04717825
14.50000000 0.04465587
14.60000000 0.04228478
14.70000000 0.03992687
14.80000000 0.03767608
14.90000000 0.03560052
15.00000000 0.03345992
15.10000000 0.03150011
15.20000000 0.02960148
15.30000000 0.02771808
15.40000000 0.02598513
15.50000000 0.02429289
15.60000000 0.02266442
15.70000000 0.02109666
15.80000000 0.01965694
15.90000000 0.01825952
16.00000000 0.01694197
16.10000000 0.01568177
16.20000000 0.01451386
16.30000000 0.01334688
16.40000000 0.01231756
16.50000000 0.01133400
16.60000000 0.01038850
16.70000000 0.00951305
16.80000000 0.00873461
16.90000000 0.00793309
17.00000000 0.00722111
17.10000000 0.00658319
17.20000000 0.00596509
17.30000000 0.00539143
17.40000000 0.00486611
17.50000000 0.00439057
17.60000000 0.00395061
17.70000000 0.00354516
17.80000000 0.00318607
17.90000000 0.00284368
18.00000000 0.00253287
18.10000000 0.00225722
18.20000000 0.00200645
18.30000000 0.00177788
18.40000000 0.00157348
18.50000000 0.00139495
18.60000000 0.00122933
18.70000000 0.00107717
18.80000000 0.00094406
18.90000000 0.00082266
19.00000000 0.00072620
19.10000000 0.00063639
19.20000000 0.00055141
19.30000000 0.00048011
19.40000000 0.00041661
19.50000000 0.00036211
19.60000000 0.00031278
19.70000000 0.00027213
19.80000000 0.00023143
19.90000000 0.00020067
20.00000000 0.00017232
