0.10000000 0.00000000
0.20000000 0.00000000
0.30000000 0.00000000
0.40000000 0.00000000
0.50000000 6.81570000
0.60000000 118.43916000
0.70000000 297.08284000
0.80000000 323.20796000
0.90000000 136.76288000
1.00000000 171.12164000
1.10000000 184.02148000
1.20000000 128.67478000
1.30000000 110.45282000
1.40000000 113.14186000
1.50000000 109.86244000
1.60000000 105.91414000
1.70000000 103.63250000
1.80000000 95.66398000
1.90000000 86.45020000
2.00000000 82.41194000
2.10000000 79.91342000
2.20000000 76.34244000
2.30000000 72.37160000
2.40000000 68.38958000
2.50000000 64.65416000
2.60000000 60.86366000
2.70000000 57.71680000
2.80000000 54.62964000
2.90000000 51.65096000
3.00000000 48.91702000
3.10000000 46.21554000
3.20000000 43.66234000
3.30000000 41.09532000
3.40000000 38.76244000
3.50000000 36.61838000
3.60000000 34.53876000
3.70000000 32.59584000
3.80000000 30.81388000
3.90000000 29.03084000
4.00000000 27.35068000
4.10000000 25.77622000
4.20000000 24.22584000
4.30000000 22.79860000
4.40000000 21.44886000
4.50000000 20.11262000
4.60000000 18.83344000
4.70000000 17.65352000
4.80000000 16.50918000
4.90000000 15.42606000
5.00000000 14.45404000
5.10000000 13.46910000
5.20000000 12.56884000
5.30000000 11.72688000
5.40000000 10.92640000
5.50000000 10.16396000
5.60000000 9.45002000
5.70000000 8.76534000
5.80000000 8.15940000
5.90000000 7.57148000
6.00000000 7.00020000
6.10000000 6.49982000
6.20000000 6.01914000
6.30000000 5.56116000
6.40000000 5.15570000
6.50000000 4.76586000
6.60000000 4.41324000
6.70000000 4.07108000
6.80000000 3.76406000
6.90000000 3.48690000
7.00000000 3.23136000
7.10000000 2.99192000
7.20000000 2.76706000
7.30000000 2.57442000
7.40000000 2.38094000
7.50000000 2.21878000
7.60000000 2.06522000
7.70000000 1.92542000
7.80000000 1.80220000
7.90000000 1.68528000
8.00000000 1.58246000
8.10000000 1.49144000
8.20000000 1.40144000
8.30000000 1.33092000
8.40000000 1.26748000
8.50000000 1.20714000
8.60000000 1.15790000
8.70000000 1.10662000
8.80000000 1.06720000
8.90000000 1.03012000
9.00000000 1.00200000
9.10000000 0.97142000
9.20000000 0.95304000
9.30000000 0.92476000
9.40000000 0.90452000
9.50000000 0.89404000
9.60000000 0.87954000
9.70000000 0.86684000
9.80000000 0.85518000
9.90000000 0.84782000
10.00000000 0.83760000
10.10000000 0.83510000
10.20000000 0.82780000
10.30000000 0.82258000
10.40000000 0.82266000
10.50000000 0.81838000
10.60000000 0.81596000
10.70000000 0.81666000
10.80000000 0.81600000
10.90000000 0.81200000
11.00000000 0.81252000
11.10000000 0.81386000
11.20000000 0.81264000
11.30000000 0.81544000
11.40000000 0.81434000
11.50000000 0.81614000
11.60000000 0.81670000
11.70000000 0.81798000
11.80000000 0.81714000
11.90000000 0.82096000
12.00000000 0.82532000
12.10000000 0.82600000
12.20000000 0.82780000
12.30000000 0.83434000
12.40000000 0.83438000
12.50000000 0.83324000
12.60000000 0.83614000
12.70000000 0.83918000
12.80000000 0.83882000
12.90000000 0.84232000
13.00000000 0.84304000
13.10000000 0.84532000
13.20000000 0.84604000
13.30000000 0.85134000
13.40000000 0.85054000
13.50000000 0.85260000
13.60000000 0.85336000
13.70000000 0.85828000
13.80000000 0.85624000
13.90000000 0.85966000
14.00000000 0.86014000
14.10000000 0.86162000
14.20000000 0.86186000
14.30000000 0.86364000
14.40000000 0.86722000
14.50000000 0.87094000
14.60000000 0.87132000
14.70000000 0.87160000
14.80000000 0.87508000
14.90000000 0.87874000
15.00000000 0.87714000
15.10000000 0.87914000
15.20000000 0.88086000
15.30000000 0.88282000
15.40000000 0.88310000
15.50000000 0.88704000
15.60000000 0.88528000
15.70000000 0.88650000
15.80000000 0.88772000
15.90000000 0.89038000
16.00000000 0.89092000
16.10000000 0.89210000
16.20000000 0.89224000
16.30000000 0.89320000
16.40000000 0.89414000
16.50000000 0.89604000
16.60000000 0.89586000
16.70000000 0.89922000
16.80000000 0.89600000
16.90000000 0.89874000
17.00000000 0.89854000
17.10000000 0.89946000
17.20000000 0.89748000
17.30000000 0.89950000
17.40000000 0.89778000
17.50000000 0.89816000
17.60000000 0.89962000
17.70000000 0.89772000
17.80000000 0.89852000
17.90000000 0.90070000
18.00000000 0.89936000
18.10000000 0.89944000
18.20000000 0.90042000
18.30000000 0.90130000
18.40000000 0.90126000
18.50000000 0.90262000
18.60000000 0.89980000
18.70000000 0.90154000
18.80000000 0.90144000
18.90000000 0.90100000
19.00000000 0.90050000
19.10000000 0.90342000
19.20000000 0.90294000
19.30000000 0.90274000
19.40000000 0.90422000
19.50000000 0.90386000
19.60000000 0.90384000
19.70000000 0.90594000
19.80000000 0.90474000
19.90000000 0.90516000
20.00000000 0.90590000
