0.100000 0.000000
0.200000 0.000000
0.300000 0.000000
0.400000 0.000000
0.500000 0.000000
0.600000 0.000865
0.700000 0.121989
0.800000 0.536390
0.900000 0.881317
1.000000 1.047683
1.100000 1.101543
1.200000 1.083806
1.300000 1.027438
1.400000 0.963697
1.500000 0.916475
1.600000 0.885427
1.700000 0.864775
1.800000 0.845899
1.900000 0.830552
2.000000 0.814608
2.100000 0.797866
2.200000 0.783593
2.300000 0.768548
2.400000 0.759561
2.500000 0.753504
2.600000 0.749146
2.700000 0.744380
2.800000 0.739894
2.900000 0.735733
3.000000 0.728654
3.100000 0.721863
3.200000 0.714567
3.300000 0.707053
3.400000 0.699881
3.500000 0.691802
3.600000 0.683909
3.700000 0.675502
3.800000 0.667305
3.900000 0.659328
4.000000 0.650267
4.100000 0.642275
4.200000 0.634811
4.300000 0.626082
4.400000 0.618840
4.500000 0.610621
4.600000 0.602953
4.700000 0.595369
4.800000 0.587212
4.900000 0.579488
5.000000 0.572251
5.100000 0.564386
5.200000 0.556528
5.300000 0.549259
5.400000 0.541712
5.500000 0.533903
5.600000 0.526107
5.700000 0.518536
5.800000 0.510720
5.900000 0.503216
6.000000 0.495937
6.100000 0.488560
6.200000 0.480917
6.300000 0.473505
6.400000 0.466220
6.500000 0.458923
6.600000 0.451447
6.700000 0.444484
6.800000 0.437591
6.900000 0.430115
7.000000 0.422822
7.100000 0.415633
7.200000 0.408645
7.300000 0.401525
7.400000 0.394504
7.500000 0.387485
7.600000 0.380698
7.700000 0.374018
7.800000 0.367196
7.900000 0.360208
8.000000 0.353568
8.100000 0.346780
8.200000 0.340227
8.300000 0.333797
8.400000 0.326964
8.500000 0.320529
8.600000 0.313936
8.700000 0.307708
8.800000 0.301228
8.900000 0.295083
9.000000 0.288699
9.100000 0.282471
9.200000 0.276271
9.300000 0.270369
9.400000 0.264171
9.500000 0.258295
9.600000 0.252258
9.700000 0.246372
9.800000 0.240523
9.900000 0.234851
10.000000 0.229187
10.100000 0.223492
10.200000 0.217801
10.300000 0.212317
10.400000 0.206844
10.500000 0.201572
10.600000 0.196172
10.700000 0.190953
10.800000 0.185676
10.900000 0.180483
11.000000 0.175435
11.100000 0.170206
11.200000 0.165338
11.300000 0.160415
11.400000 0.155500
11.500000 0.150761
11.600000 0.146075
11.700000 0.141412
11.800000 0.136850
11.900000 0.132420
12.000000 0.127954
12.100000 0.123653
12.200000 0.119348
12.300000 0.115194
12.400000 0.111026
12.500000 0.107052
12.600000 0.102992
12.700000 0.099045
12.800000 0.095213
12.900000 0.091486
13.000000 0.087762
13.100000 0.084170
13.200000 0.080640
13.300000 0.077221
13.400000 0.073810
13.500000 0.070532
13.600000 0.067340
13.700000 0.064216
13.800000 0.061176
13.900000 0.058187
14.000000 0.055323
14.100000 0.052543
14.200000 0.049773
14.300000 0.047188
14.400000 0.044589
14.500000 0.042162
14.600000 0.039778
14.700000 0.037478
14.800000 0.035256
14.900000 0.033133
15.000000 0.031056
15.100000 0.029130
15.200000 0.027213
15.300000 0.025410
15.400000 0.023673
15.500000 0.021998
15.600000 0.020430
15.700000 0.018961
15.800000 0.017583
15.900000 0.016213
16.000000 0.014946
16.100000 0.013765
16.200000 0.012645
16.300000 0.011579
16.400000 0.010595
16.500000 0.009652
16.600000 0.008791
16.700000 0.007980
16.800000 0.007254
16.900000 0.006562
17.000000 0.005922
17.100000 0.005339
17.200000 0.004775
17.300000 0.004299
17.400000 0.003850
17.500000 0.003423
17.600000 0.003053
17.700000 0.002709
17.800000 0.002399
17.900000 0.002115
18.000000 0.001871
18.100000 0.001638
18.200000 0.001436
18.300000 0.001257
18.400000 0.001100
18.500000 0.000958
18.600000 0.000828
18.700000 0.000720
18.800000 0.000624
18.900000 0.000539
19.000000 0.000464
19.100000 0.000401
19.200000 0.000341
19.300000 0.000292
19.400000 0.000247
19.500000 0.000213
19.600000 0.000180
19.700000 0.000152
19.800000 0.000130
19.900000 0.000108
20.000000 0.000091
