0.10000000 0.00000000
0.20000000 0.00000000
0.30000000 0.00000000
0.40000000 0.00000000
0.50000000 0.00000000
0.60000000 23.45428000
0.70000000 241.00604000
0.80000000 313.66646000
0.90000000 129.94102000
1.00000000 163.44108000
1.10000000 195.53900000
1.20000000 153.52684000
1.30000000 137.93708000
1.40000000 140.52550000
1.50000000 115.04108000
1.60000000 90.47008000
1.70000000 90.38548000
1.80000000 93.51678000
1.90000000 94.15832000
2.00000000 92.06074000
2.10000000 86.37730000
2.20000000 79.28490000
2.30000000 74.18928000
2.40000000 70.33326000
2.50000000 66.65134000
2.60000000 62.96000000
2.70000000 59.67202000
2.80000000 56.31494000
2.90000000 53.08668000
3.00000000 49.95174000
3.10000000 47.02696000
3.20000000 44.30552000
3.30000000 41.89828000
3.40000000 39.66488000
3.50000000 37.41520000
3.60000000 35.36736000
3.70000000 33.28628000
3.80000000 31.33288000
3.90000000 29.45546000
4.00000000 27.73198000
4.10000000 26.14702000
4.20000000 24.57536000
4.30000000 23.13026000
4.40000000 21.65740000
4.50000000 20.29580000
4.60000000 19.04794000
4.70000000 17.83338000
4.80000000 16.72248000
4.90000000 15.57066000
5.00000000 14.59102000
5.10000000 13.59726000
5.20000000 12.70622000
5.30000000 11.80502000
5.40000000 10.98666000
5.50000000 10.23078000
5.60000000 9.49772000
5.70000000 8.83906000
5.80000000 8.24026000
5.90000000 7.61348000
6.00000000 7.05536000
6.10000000 6.53928000
6.20000000 6.05410000
6.30000000 5.62032000
6.40000000 5.18828000
6.50000000 4.81044000
6.60000000 4.43412000
6.70000000 4.10612000
6.80000000 3.79610000
6.90000000 3.50744000
7.00000000 3.25318000
7.10000000 3.00864000
7.20000000 2.78854000
7.30000000 2.59322000
7.40000000 2.40162000
7.50000000 2.22668000
7.60000000 2.07546000
7.70000000 1.93822000
7.80000000 1.81200000
7.90000000 1.69380000
8.00000000 1.59926000
8.10000000 1.50316000
8.20000000 1.41890000
8.30000000 1.34346000
8.40000000 1.27544000
8.50000000 1.21682000
8.60000000 1.16230000
8.70000000 1.11522000
8.80000000 1.07510000
8.90000000 1.03448000
9.00000000 1.00176000
9.10000000 0.97722000
9.20000000 0.95462000
9.30000000 0.93034000
9.40000000 0.90750000
9.50000000 0.89728000
9.60000000 0.88340000
9.70000000 0.86496000
9.80000000 0.85778000
9.90000000 0.85018000
10.00000000 0.84052000
10.10000000 0.83588000
10.20000000 0.83088000
10.30000000 0.82354000
10.40000000 0.82044000
10.50000000 0.81652000
10.60000000 0.81792000
10.70000000 0.81524000
10.80000000 0.81440000
10.90000000 0.81608000
11.00000000 0.81416000
11.10000000 0.81372000
11.20000000 0.81412000
11.30000000 0.81506000
11.40000000 0.81324000
11.50000000 0.81484000
11.60000000 0.81680000
11.70000000 0.81782000
11.80000000 0.82086000
11.90000000 0.81908000
12.00000000 0.82232000
12.10000000 0.82556000
12.20000000 0.83004000
12.30000000 0.83168000
12.40000000 0.83254000
12.50000000 0.83308000
12.60000000 0.83696000
12.70000000 0.83906000
12.80000000 0.83982000
12.90000000 0.84100000
13.00000000 0.84290000
13.10000000 0.84542000
13.20000000 0.84646000
13.30000000 0.84876000
13.40000000 0.85184000
13.50000000 0.84870000
13.60000000 0.85578000
13.70000000 0.85468000
13.80000000 0.85670000
13.90000000 0.85872000
14.00000000 0.86016000
14.10000000 0.85906000
14.20000000 0.86414000
14.30000000 0.86406000
14.40000000 0.86670000
14.50000000 0.86536000
14.60000000 0.87064000
14.70000000 0.86992000
14.80000000 0.87544000
14.90000000 0.87448000
15.00000000 0.87900000
15.10000000 0.88164000
15.20000000 0.87944000
15.30000000 0.88134000
15.40000000 0.88160000
15.50000000 0.88536000
15.60000000 0.88450000
15.70000000 0.88706000
15.80000000 0.88858000
15.90000000 0.88736000
16.00000000 0.88994000
16.10000000 0.89108000
16.20000000 0.89102000
16.30000000 0.89222000
16.40000000 0.89342000
16.50000000 0.89554000
16.60000000 0.89586000
16.70000000 0.89778000
16.80000000 0.89644000
16.90000000 0.89462000
17.00000000 0.89732000
17.10000000 0.89870000
17.20000000 0.89900000
17.30000000 0.90000000
17.40000000 0.89952000
17.50000000 0.89770000
17.60000000 0.89558000
17.70000000 0.89952000
17.80000000 0.89820000
17.90000000 0.89848000
18.00000000 0.90180000
18.10000000 0.90014000
18.20000000 0.89926000
18.30000000 0.89948000
18.40000000 0.89888000
18.50000000 0.90152000
18.60000000 0.90030000
18.70000000 0.90258000
18.80000000 0.90384000
18.90000000 0.90104000
19.00000000 0.90184000
19.10000000 0.90168000
19.20000000 0.90190000
19.30000000 0.90340000
19.40000000 0.90338000
19.50000000 0.90272000
19.60000000 0.90418000
19.70000000 0.90492000
19.80000000 0.90376000
19.90000000 0.90574000
20.00000000 0.90454000
