0.10000000 0.00000000
0.20000000 0.00000000
0.30000000 0.00000000
0.40000000 0.00000000
0.50000000 0.00000000
0.60000000 0.11982000
0.70000000 15.96128000
0.80000000 73.76390000
0.90000000 127.41070000
1.00000000 156.39730000
1.10000000 164.97982000
1.20000000 161.62880000
1.30000000 150.95826000
1.40000000 138.37204000
1.50000000 127.20206000
1.60000000 118.23048000
1.70000000 110.47554000
1.80000000 103.94124000
1.90000000 98.12080000
2.00000000 92.13036000
2.10000000 86.77066000
2.20000000 81.80896000
2.30000000 77.29028000
2.40000000 73.05824000
2.50000000 69.33720000
2.60000000 66.06336000
2.70000000 63.07226000
2.80000000 60.01636000
2.90000000 57.28694000
3.00000000 54.46012000
3.10000000 51.74214000
3.20000000 49.08476000
3.30000000 46.58204000
3.40000000 44.01784000
3.50000000 41.66282000
3.60000000 39.38176000
3.70000000 37.19340000
3.80000000 35.05020000
3.90000000 32.98852000
4.00000000 31.04104000
4.10000000 29.19688000
4.20000000 27.40442000
4.30000000 25.72544000
4.40000000 24.10070000
4.50000000 22.61324000
4.60000000 21.17164000
4.70000000 19.79426000
4.80000000 18.48472000
4.90000000 17.26580000
5.00000000 16.07242000
5.10000000 14.97852000
5.20000000 13.94200000
5.30000000 12.94768000
5.40000000 12.01516000
5.50000000 11.14352000
5.60000000 10.30840000
5.70000000 9.55070000
5.80000000 8.81954000
5.90000000 8.15708000
6.00000000 7.51838000
6.10000000 6.92672000
6.20000000 6.37538000
6.30000000 5.86726000
6.40000000 5.39406000
6.50000000 4.96874000
6.60000000 4.56112000
6.70000000 4.18552000
6.80000000 3.84504000
6.90000000 3.53906000
7.00000000 3.25864000
7.10000000 2.98696000
7.20000000 2.75200000
7.30000000 2.53398000
7.40000000 2.33500000
7.50000000 2.15542000
7.60000000 1.99044000
7.70000000 1.84930000
7.80000000 1.71244000
7.90000000 1.60000000
8.00000000 1.49514000
8.10000000 1.40284000
8.20000000 1.31672000
8.30000000 1.24448000
8.40000000 1.18146000
8.50000000 1.12216000
8.60000000 1.06912000
8.70000000 1.02882000
8.80000000 0.98750000
8.90000000 0.95642000
9.00000000 0.92562000
9.10000000 0.89634000
9.20000000 0.87656000
9.30000000 0.85878000
9.40000000 0.84152000
9.50000000 0.82770000
9.60000000 0.81880000
9.70000000 0.80630000
9.80000000 0.79866000
9.90000000 0.79464000
10.00000000 0.78692000
10.10000000 0.78360000
10.20000000 0.78314000
10.30000000 0.77590000
10.40000000 0.77422000
10.50000000 0.77396000
10.60000000 0.77416000
10.70000000 0.77430000
10.80000000 0.77228000
10.90000000 0.77452000
11.00000000 0.77492000
11.10000000 0.77596000
11.20000000 0.77804000
11.30000000 0.78510000
11.40000000 0.78466000
11.50000000 0.78544000
11.60000000 0.79078000
11.70000000 0.79218000
11.80000000 0.79298000
11.90000000 0.79406000
12.00000000 0.79978000
12.10000000 0.80044000
12.20000000 0.80552000
12.30000000 0.80514000
12.40000000 0.80920000
12.50000000 0.81038000
12.60000000 0.81256000
12.70000000 0.81726000
12.80000000 0.82054000
12.90000000 0.82302000
13.00000000 0.82390000
13.10000000 0.83016000
13.20000000 0.83064000
13.30000000 0.83128000
13.40000000 0.83650000
13.50000000 0.83742000
13.60000000 0.83996000
13.70000000 0.83866000
13.80000000 0.84466000
13.90000000 0.84392000
14.00000000 0.84632000
14.10000000 0.84854000
14.20000000 0.85130000
14.30000000 0.85370000
14.40000000 0.85606000
14.50000000 0.85728000
14.60000000 0.85718000
14.70000000 0.85926000
14.80000000 0.86250000
14.90000000 0.86342000
15.00000000 0.86412000
15.10000000 0.86408000
15.20000000 0.86824000
15.30000000 0.86852000
15.40000000 0.87194000
15.50000000 0.87160000
15.60000000 0.87252000
15.70000000 0.87608000
15.80000000 0.87940000
15.90000000 0.87726000
16.00000000 0.87914000
16.10000000 0.88082000
16.20000000 0.88180000
16.30000000 0.88320000
16.40000000 0.88276000
16.50000000 0.88352000
16.60000000 0.88614000
16.70000000 0.88590000
16.80000000 0.88686000
16.90000000 0.88724000
17.00000000 0.88766000
17.10000000 0.88860000
17.20000000 0.88754000
17.30000000 0.89034000
17.40000000 0.88980000
17.50000000 0.89072000
17.60000000 0.89008000
17.70000000 0.88856000
17.80000000 0.89078000
17.90000000 0.88926000
18.00000000 0.89128000
18.10000000 0.88946000
18.20000000 0.89032000
18.30000000 0.89010000
18.40000000 0.88828000
18.50000000 0.88868000
18.60000000 0.88858000
18.70000000 0.89048000
18.80000000 0.88968000
18.90000000 0.89156000
19.00000000 0.89100000
19.10000000 0.89414000
19.20000000 0.89022000
19.30000000 0.89198000
19.40000000 0.89214000
19.50000000 0.89262000
19.60000000 0.89140000
19.70000000 0.89378000
19.80000000 0.89184000
19.90000000 0.89342000
20.00000000 0.89280000
