0.10000000 0.00000000
0.20000000 0.00000000
0.30000000 0.00000000
0.40000000 0.00000000
0.50000000 0.00000000
0.60000000 0.00000000
0.70000000 0.00548000
0.80000000 19.59960000
0.90000000 222.54294000
1.00000000 541.34922000
1.10000000 168.04548000
1.20000000 83.05024000
1.30000000 132.83108000
1.40000000 194.12458000
1.50000000 173.57324000
1.60000000 104.24792000
1.70000000 113.86144000
1.80000000 133.84562000
1.90000000 138.09462000
2.00000000 119.71810000
2.10000000 108.49096000
2.20000000 109.33548000
2.30000000 106.38284000
2.40000000 97.99808000
2.50000000 89.42816000
2.60000000 84.76170000
2.70000000 81.12616000
2.80000000 76.21864000
2.90000000 70.72598000
3.00000000 66.29250000
3.10000000 62.58934000
3.20000000 58.82376000
3.30000000 55.22220000
3.40000000 51.72338000
3.50000000 48.76924000
3.60000000 45.84606000
3.70000000 43.21190000
3.80000000 40.55660000
3.90000000 38.07330000
4.00000000 35.88064000
4.10000000 33.64866000
4.20000000 31.52670000
4.30000000 29.56648000
4.40000000 27.74034000
4.50000000 25.91620000
4.60000000 24.26926000
4.70000000 22.54880000
4.80000000 20.99880000
4.90000000 19.52506000
5.00000000 18.08834000
5.10000000 16.88380000
5.20000000 15.60706000
5.30000000 14.51176000
5.40000000 13.32694000
5.50000000 12.28634000
5.60000000 11.25922000
5.70000000 10.42838000
5.80000000 9.53408000
5.90000000 8.76854000
6.00000000 8.03040000
6.10000000 7.35448000
6.20000000 6.75834000
6.30000000 6.18710000
6.40000000 5.65872000
6.50000000 5.14666000
6.60000000 4.72480000
6.70000000 4.28178000
6.80000000 3.91434000
6.90000000 3.57148000
7.00000000 3.24492000
7.10000000 2.95796000
7.20000000 2.71326000
7.30000000 2.47774000
7.40000000 2.26606000
7.50000000 2.06668000
7.60000000 1.90420000
7.70000000 1.76218000
7.80000000 1.64160000
7.90000000 1.49942000
8.00000000 1.38942000
8.10000000 1.31726000
8.20000000 1.22584000
8.30000000 1.14774000
8.40000000 1.08602000
8.50000000 1.03084000
8.60000000 0.98412000
8.70000000 0.94034000
8.80000000 0.90404000
8.90000000 0.86784000
9.00000000 0.84986000
9.10000000 0.81774000
9.20000000 0.80136000
9.30000000 0.78888000
9.40000000 0.77996000
9.50000000 0.76894000
9.60000000 0.76030000
9.70000000 0.75298000
9.80000000 0.74822000
9.90000000 0.74198000
10.00000000 0.74304000
10.10000000 0.74398000
10.20000000 0.74172000
10.30000000 0.73768000
10.40000000 0.73954000
10.50000000 0.73556000
10.60000000 0.74374000
10.70000000 0.74460000
10.80000000 0.74620000
10.90000000 0.74644000
11.00000000 0.74600000
11.10000000 0.74948000
11.20000000 0.75662000
11.30000000 0.75210000
11.40000000 0.75744000
11.50000000 0.75946000
11.60000000 0.76520000
11.70000000 0.76662000
11.80000000 0.77106000
11.90000000 0.76860000
12.00000000 0.77566000
12.10000000 0.78160000
12.20000000 0.77966000
12.30000000 0.78296000
12.40000000 0.78452000
12.50000000 0.79388000
12.60000000 0.79494000
12.70000000 0.79638000
12.80000000 0.80028000
12.90000000 0.80170000
13.00000000 0.80664000
13.10000000 0.80706000
13.20000000 0.80676000
13.30000000 0.81168000
13.40000000 0.81184000
13.50000000 0.81640000
13.60000000 0.81910000
13.70000000 0.82224000
13.80000000 0.82454000
13.90000000 0.82508000
14.00000000 0.83108000
14.10000000 0.82952000
14.20000000 0.83098000
14.30000000 0.83540000
14.40000000 0.83692000
14.50000000 0.84178000
14.60000000 0.84394000
14.70000000 0.84090000
14.80000000 0.84526000
14.90000000 0.85208000
15.00000000 0.84954000
15.10000000 0.85076000
15.20000000 0.85504000
15.30000000 0.85774000
15.40000000 0.85730000
15.50000000 0.86092000
15.60000000 0.86062000
15.70000000 0.86446000
15.80000000 0.86606000
15.90000000 0.86464000
16.00000000 0.86526000
16.10000000 0.87168000
16.20000000 0.87118000
16.30000000 0.87004000
16.40000000 0.86786000
16.50000000 0.87572000
16.60000000 0.87298000
16.70000000 0.87374000
16.80000000 0.87516000
16.90000000 0.87412000
17.00000000 0.87720000
17.10000000 0.87600000
17.20000000 0.87610000
17.30000000 0.88048000
17.40000000 0.87326000
17.50000000 0.87886000
17.60000000 0.88038000
17.70000000 0.87916000
17.80000000 0.87664000
17.90000000 0.87738000
18.00000000 0.87896000
18.10000000 0.87664000
18.20000000 0.87846000
18.30000000 0.87870000
18.40000000 0.87950000
18.50000000 0.87756000
18.60000000 0.87956000
18.70000000 0.87364000
18.80000000 0.87954000
18.90000000 0.87646000
19.00000000 0.87324000
19.10000000 0.87658000
19.20000000 0.87462000
19.30000000 0.87810000
19.40000000 0.87452000
19.50000000 0.87776000
19.60000000 0.87934000
19.70000000 0.87868000
19.80000000 0.87950000
19.90000000 0.87726000
20.00000000 0.88230000
