0.100000 0.000000
0.200000 0.000000
0.300000 0.000000
0.400000 0.000000
0.500000 0.000000
0.600000 0.001237
0.700000 0.584005
0.800000 1.831034
0.900000 0.883683
1.000000 0.963007
1.100000 0.960435
1.200000 0.717865
1.300000 0.646201
1.400000 0.676080
1.500000 0.732616
1.600000 0.784123
1.700000 0.822534
1.800000 0.815624
1.900000 0.778061
2.000000 0.765289
2.100000 0.765351
2.200000 0.764054
2.300000 0.761611
2.400000 0.757439
2.500000 0.750250
2.600000 0.741874
2.700000 0.731047
2.800000 0.722203
2.900000 0.713474
3.000000 0.705691
3.100000 0.696692
3.200000 0.689577
3.300000 0.682127
3.400000 0.673863
3.500000 0.665757
3.600000 0.657898
3.700000 0.651656
3.800000 0.643708
3.900000 0.636682
4.000000 0.629504
4.100000 0.621921
4.200000 0.614564
4.300000 0.607302
4.400000 0.600620
4.500000 0.593040
4.600000 0.585554
4.700000 0.577509
4.800000 0.570591
4.900000 0.563087
5.000000 0.555771
5.100000 0.548433
5.200000 0.541061
5.300000 0.533820
5.400000 0.526460
5.500000 0.519688
5.600000 0.511338
5.700000 0.504717
5.800000 0.497078
5.900000 0.490402
6.000000 0.483069
6.100000 0.475992
6.200000 0.468692
6.300000 0.462264
6.400000 0.455184
6.500000 0.447785
6.600000 0.440740
6.700000 0.433961
6.800000 0.426893
6.900000 0.420075
7.000000 0.413271
7.100000 0.406549
7.200000 0.399634
7.300000 0.393109
7.400000 0.386492
7.500000 0.379532
7.600000 0.372916
7.700000 0.366479
7.800000 0.359834
7.900000 0.353415
8.000000 0.346622
8.100000 0.340510
8.200000 0.334096
8.300000 0.327777
8.400000 0.321525
8.500000 0.315277
8.600000 0.308932
8.700000 0.302782
8.800000 0.296903
8.900000 0.290635
9.000000 0.284782
9.100000 0.278646
9.200000 0.272564
9.300000 0.267050
9.400000 0.261125
9.500000 0.255480
9.600000 0.249557
9.700000 0.243966
9.800000 0.238166
9.900000 0.232729
10.000000 0.227222
10.100000 0.221906
10.200000 0.216420
10.300000 0.211032
10.400000 0.205607
10.500000 0.200602
10.600000 0.195341
10.700000 0.190156
10.800000 0.185266
10.900000 0.180241
11.000000 0.175193
11.100000 0.170361
11.200000 0.165645
11.300000 0.160779
11.400000 0.156134
11.500000 0.151441
11.600000 0.146927
11.700000 0.142438
11.800000 0.137896
11.900000 0.133659
12.000000 0.129242
12.100000 0.125117
12.200000 0.120946
12.300000 0.116757
12.400000 0.112604
12.500000 0.108779
12.600000 0.104923
12.700000 0.101040
12.800000 0.097407
12.900000 0.093692
13.000000 0.090024
13.100000 0.086454
13.200000 0.082974
13.300000 0.079669
13.400000 0.076349
13.500000 0.073063
13.600000 0.069989
13.700000 0.066823
13.800000 0.063804
13.900000 0.060866
14.000000 0.058032
14.100000 0.055206
14.200000 0.052521
14.300000 0.049900
14.400000 0.047384
14.500000 0.044874
14.600000 0.042488
14.700000 0.040193
14.800000 0.037914
14.900000 0.035770
15.000000 0.033663
15.100000 0.031744
15.200000 0.029852
15.300000 0.027968
15.400000 0.026128
15.500000 0.024466
15.600000 0.022839
15.700000 0.021292
15.800000 0.019838
15.900000 0.018458
16.000000 0.017096
16.100000 0.015829
16.200000 0.014650
16.300000 0.013521
16.400000 0.012468
16.500000 0.011454
16.600000 0.010525
16.700000 0.009646
16.800000 0.008829
16.900000 0.008049
17.000000 0.007328
17.100000 0.006670
17.200000 0.006036
17.300000 0.005481
17.400000 0.004952
17.500000 0.004464
17.600000 0.004013
17.700000 0.003610
17.800000 0.003245
17.900000 0.002886
18.000000 0.002575
18.100000 0.002308
18.200000 0.002045
18.300000 0.001818
18.400000 0.001612
18.500000 0.001416
18.600000 0.001251
18.700000 0.001105
18.800000 0.000967
18.900000 0.000851
19.000000 0.000742
19.100000 0.000639
19.200000 0.000564
19.300000 0.000492
19.400000 0.000429
19.500000 0.000372
19.600000 0.000319
19.700000 0.000278
19.800000 0.000236
19.900000 0.000206
20.000000 0.000175
