0.100000 0.000000
0.200000 0.000000
0.300000 0.000000
0.400000 0.000000
0.500000 0.000000
0.600000 0.309240
0.700000 30.245300
0.800000 57.486540
0.900000 67.512340
1.000000 72.059580
1.100000 69.383340
1.200000 64.016600
1.300000 56.913440
1.400000 49.997780
1.500000 44.417280
1.600000 39.983940
1.700000 36.034280
1.800000 32.701100
1.900000 29.827700
2.000000 27.166980
2.100000 24.546420
2.200000 22.222100
2.300000 20.042380
2.400000 18.094420
2.500000 16.320920
2.600000 14.742940
2.700000 13.368040
2.800000 12.096280
2.900000 10.933640
3.000000 9.824620
3.100000 8.822000
3.200000 7.924800
3.300000 7.091540
3.400000 6.337600
3.500000 5.654040
3.600000 5.038940
3.700000 4.483600
3.800000 3.977460
3.900000 3.523960
4.000000 3.113120
4.100000 2.751620
4.200000 2.421300
4.300000 2.144540
4.400000 1.872080
4.500000 1.646420
4.600000 1.442820
4.700000 1.259080
4.800000 1.102240
4.900000 0.959740
5.000000 0.837120
5.100000 0.728120
5.200000 0.633300
5.300000 0.549340
5.400000 0.474560
5.500000 0.410320
5.600000 0.354540
5.700000 0.304780
5.800000 0.262700
5.900000 0.226100
6.000000 0.192720
6.100000 0.163820
6.200000 0.140920
6.300000 0.119540
6.400000 0.101700
6.500000 0.085560
6.600000 0.072900
6.700000 0.061640
6.800000 0.051820
6.900000 0.042940
7.000000 0.036440
7.100000 0.030320
7.200000 0.025560
7.300000 0.021100
7.400000 0.017400
7.500000 0.014320
7.600000 0.012020
7.700000 0.009680
7.800000 0.007900
7.900000 0.006600
8.000000 0.005380
8.100000 0.004380
8.200000 0.003540
8.300000 0.002800
8.400000 0.002360
8.500000 0.001800
8.600000 0.001440
8.700000 0.001200
8.800000 0.000900
8.900000 0.000700
9.000000 0.000580
9.100000 0.000440
9.200000 0.000340
9.300000 0.000260
9.400000 0.000200
9.500000 0.000140
9.600000 0.000100
9.700000 0.000100
9.800000 0.000100
9.900000 0.000040
10.000000 0.000000
10.100000 0.000000
10.200000 0.000000
10.300000 0.000000
10.400000 0.000000
10.500000 0.000000
10.600000 0.000000
10.700000 0.000000
10.800000 0.000000
10.900000 0.000000
11.000000 0.000000
11.100000 0.000000
11.200000 0.000000
11.300000 0.000000
11.400000 0.000000
11.500000 0.000000
11.600000 0.000000
11.700000 0.000000
11.800000 0.000000
11.900000 0.000000
12.000000 0.000000
12.100000 0.000000
12.200000 0.000000
12.300000 0.000000
12.400000 0.000000
12.500000 0.000000
12.600000 0.000000
12.700000 0.000000
12.800000 0.000000
12.900000 0.000000
13.000000 0.000000
13.100000 0.000000
13.200000 0.000000
13.300000 0.000000
13.400000 0.000000
13.500000 0.000000
13.600000 0.000000
13.700000 0.000000
13.800000 0.000000
13.900000 0.000000
14.000000 0.000000
14.100000 0.000000
14.200000 0.000000
14.300000 0.000000
14.400000 0.000000
14.500000 0.000000
14.600000 0.000000
14.700000 0.000000
14.800000 0.000000
14.900000 0.000000
15.000000 0.000000
15.100000 0.000000
15.200000 0.000000
15.300000 0.000000
15.400000 0.000000
15.500000 0.000000
15.600000 0.000000
15.700000 0.000000
15.800000 0.000000
15.900000 0.000000
16.000000 0.000000
16.100000 0.000000
16.200000 0.000000
16.300000 0.000000
16.400000 0.000000
16.500000 0.000000
16.600000 0.000000
16.700000 0.000000
16.800000 0.000000
16.900000 0.000000
17.000000 0.000000
17.100000 0.000000
17.200000 0.000000
17.300000 0.000000
17.400000 0.000000
17.500000 0.000000
17.600000 0.000000
17.700000 0.000000
17.800000 0.000000
17.900000 0.000000
18.000000 0.000000
18.100000 0.000000
18.200000 0.000000
18.300000 0.000000
18.400000 0.000000
18.500000 0.000000
18.600000 0.000000
18.700000 0.000000
18.800000 0.000000
18.900000 0.000000
19.000000 0.000000
19.100000 0.000000
19.200000 0.000000
19.300000 0.000000
19.400000 0.000000
19.500000 0.000000
19.600000 0.000000
19.700000 0.000000
19.800000 0.000000
19.900000 0.000000
20.000000 0.000000
