0.100000 0.000000
0.200000 0.000000
0.300000 0.000000
0.400000 0.000000
0.500000 0.000000
0.600000 0.000000
0.700000 0.008720
0.800000 16.901040
0.900000 192.673100
1.000000 470.015680
1.100000 125.919720
1.200000 39.690600
1.300000 80.916940
1.400000 132.239980
1.500000 111.409100
1.600000 42.589900
1.700000 43.394860
1.800000 54.827180
1.900000 54.145560
2.000000 35.999700
2.100000 25.664680
2.200000 26.914380
2.300000 26.321520
2.400000 21.328120
2.500000 15.648940
2.600000 13.701400
2.700000 12.930920
2.800000 11.157200
2.900000 8.680440
3.000000 7.083000
3.100000 6.255180
3.200000 5.430980
3.300000 4.455020
3.400000 3.566440
3.500000 3.007540
3.600000 2.634900
3.700000 2.215700
3.800000 1.882680
3.900000 1.628220
4.000000 1.450540
4.100000 1.325540
4.200000 1.233500
4.300000 1.155820
4.400000 1.123420
4.500000 1.093820
4.600000 1.088160
4.700000 1.073000
4.800000 1.053200
4.900000 1.033180
5.000000 1.033940
5.100000 1.049300
5.200000 1.032000
5.300000 1.018740
5.400000 1.020980
5.500000 1.029300
5.600000 1.019700
5.700000 1.016160
5.800000 1.010060
5.900000 1.010840
6.000000 1.016780
6.100000 1.011140
6.200000 1.007360
6.300000 0.998900
6.400000 1.005040
6.500000 1.002660
6.600000 0.991040
6.700000 0.988620
6.800000 0.982940
6.900000 0.993880
7.000000 0.989260
7.100000 1.000260
7.200000 0.989900
7.300000 0.990300
7.400000 0.996700
7.500000 1.001220
7.600000 0.994880
7.700000 0.993620
7.800000 1.005740
7.900000 0.998020
8.000000 1.000620
8.100000 0.996920
8.200000 1.006380
8.300000 0.995800
8.400000 0.998760
8.500000 1.003080
8.600000 1.003520
8.700000 1.000900
8.800000 1.000100
8.900000 1.006460
9.000000 0.996980
9.100000 0.999800
9.200000 0.999840
9.300000 0.995480
9.400000 0.995720
9.500000 1.000380
9.600000 0.997860
9.700000 0.996900
9.800000 0.994180
9.900000 0.992620
10.000000 0.993020
10.100000 0.989560
10.200000 0.992960
10.300000 0.997540
10.400000 0.993360
10.500000 0.991240
10.600000 0.988620
10.700000 0.998760
10.800000 0.996300
10.900000 0.994000
11.000000 0.998180
11.100000 0.995160
11.200000 0.994920
11.300000 0.995740
11.400000 0.995100
11.500000 0.998020
11.600000 0.998080
11.700000 1.000080
11.800000 0.999300
11.900000 1.000200
12.000000 1.002640
12.100000 0.996960
12.200000 1.003520
12.300000 0.996700
12.400000 1.002260
12.500000 0.991660
12.600000 0.995680
12.700000 0.995280
12.800000 1.000720
12.900000 0.998580
13.000000 0.990900
13.100000 1.001740
13.200000 1.000180
13.300000 0.996360
13.400000 0.998140
13.500000 0.996480
13.600000 0.999280
13.700000 0.997160
13.800000 0.997460
13.900000 1.003480
14.000000 1.000100
14.100000 1.003020
14.200000 1.004660
14.300000 1.004780
14.400000 1.001320
14.500000 1.006540
14.600000 1.009540
14.700000 1.003060
14.800000 1.001340
14.900000 1.007280
15.000000 1.000220
15.100000 1.003900
15.200000 0.998760
15.300000 1.001920
15.400000 0.996940
15.500000 1.000960
15.600000 1.000960
15.700000 0.997940
15.800000 0.996600
15.900000 0.996640
16.000000 0.999080
16.100000 0.996760
16.200000 0.997080
16.300000 0.996560
16.400000 0.998360
16.500000 0.997180
16.600000 0.997820
16.700000 0.994320
16.800000 0.999020
16.900000 0.999840
17.000000 0.995600
17.100000 0.998120
17.200000 1.000960
17.300000 1.001100
17.400000 0.997960
17.500000 1.002320
17.600000 1.004100
17.700000 1.001220
17.800000 1.000300
17.900000 1.000000
18.000000 1.000800
18.100000 1.000740
18.200000 1.002060
18.300000 1.001040
18.400000 0.996840
18.500000 1.000260
18.600000 1.000500
18.700000 1.000140
18.800000 0.997860
18.900000 1.002780
19.000000 0.997500
19.100000 1.002080
19.200000 0.999900
19.300000 1.001800
19.400000 0.998160
19.500000 1.000540
19.600000 0.995060
19.700000 1.000900
19.800000 0.997020
19.900000 0.996440
20.000000 0.993620
