0.10000000 0.00000000
0.20000000 0.00000000
0.30000000 0.00000000
0.40000000 0.00000000
0.50000000 0.00000000
0.60000000 0.00000000
0.70000000 0.05996000
0.80000000 5.56232000
0.90000000 21.66460000
1.00000000 30.39868000
1.10000000 30.99340000
1.20000000 28.81964000
1.30000000 26.11302000
1.40000000 23.00088000
1.50000000 20.32992000
1.60000000 18.17252000
1.70000000 16.06216000
1.80000000 14.13702000
1.90000000 12.45478000
2.00000000 10.91112000
2.10000000 9.60636000
2.20000000 8.44062000
2.30000000 7.44318000
2.40000000 6.57048000
2.50000000 5.83874000
2.60000000 5.18630000
2.70000000 4.59018000
2.80000000 4.09284000
2.90000000 3.63498000
3.00000000 3.22682000
3.10000000 2.89764000
3.20000000 2.62412000
3.30000000 2.38206000
3.40000000 2.17184000
3.50000000 1.99430000
3.60000000 1.83976000
3.70000000 1.69760000
3.80000000 1.58600000
3.90000000 1.49736000
4.00000000 1.40820000
4.10000000 1.36230000
4.20000000 1.29222000
4.30000000 1.23526000
4.40000000 1.19102000
4.50000000 1.15318000
4.60000000 1.12494000
4.70000000 1.11142000
4.80000000 1.08246000
4.90000000 1.07852000
5.00000000 1.05928000
5.10000000 1.04226000
5.20000000 1.03302000
5.30000000 1.02828000
5.40000000 1.02220000
5.50000000 1.02092000
5.60000000 1.01322000
5.70000000 1.01280000
5.80000000 1.00516000
5.90000000 0.99222000
6.00000000 1.00232000
6.10000000 0.99656000
6.20000000 0.99444000
6.30000000 0.99074000
6.40000000 0.99580000
6.50000000 0.99512000
6.60000000 0.99032000
6.70000000 0.99378000
6.80000000 0.99072000
6.90000000 0.99798000
7.00000000 0.99428000
7.10000000 0.99050000
7.20000000 0.99600000
7.30000000 0.99904000
7.40000000 0.99896000
7.50000000 1.00022000
7.60000000 0.99760000
7.70000000 1.00282000
7.80000000 1.00582000
7.90000000 1.00216000
8.00000000 1.00798000
8.10000000 0.99886000
8.20000000 1.00450000
8.30000000 1.00036000
8.40000000 1.00182000
8.50000000 1.00424000
8.60000000 1.00414000
8.70000000 1.00590000
8.80000000 1.00038000
8.90000000 0.99862000
9.00000000 1.00012000
9.10000000 0.99816000
9.20000000 0.99988000
9.30000000 0.99732000
9.40000000 0.99708000
9.50000000 1.00012000
9.60000000 0.99824000
9.70000000 0.99622000
9.80000000 0.99532000
9.90000000 0.99632000
10.00000000 0.99520000
10.10000000 0.99886000
10.20000000 0.99694000
10.30000000 0.99994000
10.40000000 1.00208000
10.50000000 0.99696000
10.60000000 1.00264000
10.70000000 1.00176000
10.80000000 1.00032000
10.90000000 0.99870000
11.00000000 0.99804000
11.10000000 1.00160000
11.20000000 0.99854000
11.30000000 0.99906000
11.40000000 0.99890000
11.50000000 0.99448000
11.60000000 1.00034000
11.70000000 0.99860000
11.80000000 1.00246000
11.90000000 0.99814000
12.00000000 1.00088000
12.10000000 0.99822000
12.20000000 1.00148000
12.30000000 1.00054000
12.40000000 1.00350000
12.50000000 0.99640000
12.60000000 0.99840000
12.70000000 1.00028000
12.80000000 0.99972000
12.90000000 0.99964000
13.00000000 0.99904000
13.10000000 1.00058000
13.20000000 1.00350000
13.30000000 1.00020000
13.40000000 1.00204000
13.50000000 0.99998000
13.60000000 0.99942000
13.70000000 0.99916000
13.80000000 1.00186000
13.90000000 0.99820000
14.00000000 0.99834000
14.10000000 0.99728000
14.20000000 0.99876000
14.30000000 0.99866000
14.40000000 0.99846000
14.50000000 1.00086000
14.60000000 0.99700000
14.70000000 0.99952000
14.80000000 0.99792000
14.90000000 1.00108000
15.00000000 0.99512000
15.10000000 0.99518000
15.20000000 0.99664000
15.30000000 0.99610000
15.40000000 0.99594000
15.50000000 0.99712000
15.60000000 0.99924000
15.70000000 0.99992000
15.80000000 0.99588000
15.90000000 0.99830000
16.00000000 0.99962000
16.10000000 0.99896000
16.20000000 0.99824000
16.30000000 0.99624000
16.40000000 1.00032000
16.50000000 1.00046000
16.60000000 0.99902000
16.70000000 0.99944000
16.80000000 0.99956000
16.90000000 0.99926000
17.00000000 0.99978000
17.10000000 1.00026000
17.20000000 1.00004000
17.30000000 0.99868000
17.40000000 0.99838000
17.50000000 0.99822000
17.60000000 1.00042000
17.70000000 0.99924000
17.80000000 1.00050000
17.90000000 1.00022000
18.00000000 0.99860000
18.10000000 1.00134000
18.20000000 1.00048000
18.30000000 1.00094000
18.40000000 0.99952000
18.50000000 1.00138000
18.60000000 0.99998000
18.70000000 1.00120000
18.80000000 0.99998000
18.90000000 1.00028000
19.00000000 0.99734000
19.10000000 1.00120000
19.20000000 1.00166000
19.30000000 1.00130000
19.40000000 1.00094000
19.50000000 1.00044000
19.60000000 1.00106000
19.70000000 0.99838000
19.80000000 0.99932000
19.90000000 1.00110000
20.00000000 0.99850000
