0.100000 0.000000
0.200000 0.000000
0.300000 0.000000
0.400000 0.000000
0.500000 0.000000
0.600000 18.816420
0.700000 198.242540
0.800000 250.265840
0.900000 70.137980
1.000000 97.046020
1.100000 125.392020
1.200000 86.978720
1.300000 70.776100
1.400000 73.212020
1.500000 51.013780
1.600000 27.940980
1.700000 25.377120
1.800000 26.268840
1.900000 26.253360
2.000000 24.460980
2.100000 20.615580
2.200000 16.306080
2.300000 13.219580
2.400000 11.496580
2.500000 9.967240
2.600000 8.555420
2.700000 7.353500
2.800000 6.301520
2.900000 5.313240
3.000000 4.498660
3.100000 3.818940
3.200000 3.303820
3.300000 2.909780
3.400000 2.618420
3.500000 2.351840
3.600000 2.113440
3.700000 1.861920
3.800000 1.701480
3.900000 1.538980
4.000000 1.404580
4.100000 1.321000
4.200000 1.236560
4.300000 1.174740
4.400000 1.125980
4.500000 1.101720
4.600000 1.067980
4.700000 1.043640
4.800000 1.039480
4.900000 1.031460
5.000000 1.022080
5.100000 1.024280
5.200000 1.001220
5.300000 1.003800
5.400000 1.000420
5.500000 1.002340
5.600000 0.996620
5.700000 1.000880
5.800000 0.991220
5.900000 1.000160
6.000000 0.988820
6.100000 0.990800
6.200000 0.989020
6.300000 0.994640
6.400000 0.985300
6.500000 0.995700
6.600000 0.992440
6.700000 0.989500
6.800000 0.991720
6.900000 0.995940
7.000000 0.997420
7.100000 0.992320
7.200000 0.999800
7.300000 0.998740
7.400000 0.994260
7.500000 0.992760
7.600000 0.995920
7.700000 0.999460
7.800000 1.002700
7.900000 0.996680
8.000000 0.998140
8.100000 0.998740
8.200000 0.996460
8.300000 0.999600
8.400000 1.000180
8.500000 1.000600
8.600000 0.994900
8.700000 0.993740
8.800000 0.998100
8.900000 0.994780
9.000000 0.994340
9.100000 1.000800
9.200000 0.999020
9.300000 0.999320
9.400000 0.994900
9.500000 0.993500
9.600000 0.993760
9.700000 0.997580
9.800000 0.996620
9.900000 0.995580
10.000000 0.998500
10.100000 0.997480
10.200000 0.995640
10.300000 0.993320
10.400000 0.994080
10.500000 0.994240
10.600000 0.992740
10.700000 0.993080
10.800000 0.997260
10.900000 0.997240
11.000000 0.993960
11.100000 0.991480
11.200000 0.994980
11.300000 0.996620
11.400000 0.990360
11.500000 0.991340
11.600000 0.992520
11.700000 0.993800
11.800000 0.996820
11.900000 0.990880
12.000000 0.994880
12.100000 0.995400
12.200000 0.991340
12.300000 0.992780
12.400000 0.994160
12.500000 0.992180
12.600000 0.995440
12.700000 0.995220
12.800000 0.993580
12.900000 0.996880
13.000000 0.994040
13.100000 0.995380
13.200000 0.995860
13.300000 0.999380
13.400000 1.000840
13.500000 0.996480
13.600000 0.996020
13.700000 0.999520
13.800000 0.996100
13.900000 0.998460
14.000000 0.998960
14.100000 0.999740
14.200000 0.997760
14.300000 0.998240
14.400000 0.996480
14.500000 0.995820
14.600000 0.997400
14.700000 0.997500
14.800000 0.999040
14.900000 0.997400
15.000000 0.994400
15.100000 0.997520
15.200000 0.995620
15.300000 0.997640
15.400000 0.996800
15.500000 0.999240
15.600000 0.997300
15.700000 0.996940
15.800000 1.000360
15.900000 0.996900
16.000000 0.996780
16.100000 0.998700
16.200000 0.997500
16.300000 0.996600
16.400000 0.997720
16.500000 0.998280
16.600000 0.994820
16.700000 0.997100
16.800000 0.997520
16.900000 0.996680
17.000000 0.996500
17.100000 0.995620
17.200000 0.996960
17.300000 0.999040
17.400000 0.997300
17.500000 0.997660
17.600000 0.999320
17.700000 0.997020
17.800000 0.997040
17.900000 0.997840
18.000000 0.996140
18.100000 1.001440
18.200000 0.997520
18.300000 0.999120
18.400000 0.996580
18.500000 0.997540
18.600000 0.999520
18.700000 0.998320
18.800000 0.999760
18.900000 0.999160
19.000000 0.996600
19.100000 0.999520
19.200000 0.996740
19.300000 0.997600
19.400000 0.999920
19.500000 1.000280
19.600000 0.999120
19.700000 1.000320
19.800000 0.999640
19.900000 1.000040
20.000000 0.997320
