0.100000 0.000000
0.200000 0.000000
0.300000 0.000000
0.400000 0.000000
0.500000 0.026035
0.600000 0.440197
0.700000 1.066079
0.800000 1.230103
0.900000 0.728395
1.000000 0.860353
1.100000 0.912055
1.200000 0.737392
1.300000 0.684357
1.400000 0.699186
1.500000 0.706657
1.600000 0.717986
1.700000 0.737776
1.800000 0.739852
1.900000 0.732833
2.000000 0.733240
2.100000 0.734950
2.200000 0.727328
2.300000 0.721559
2.400000 0.712126
2.500000 0.702664
2.600000 0.694482
2.700000 0.686221
2.800000 0.676836
2.900000 0.668305
3.000000 0.659158
3.100000 0.650476
3.200000 0.642580
3.300000 0.633220
3.400000 0.624639
3.500000 0.615870
3.600000 0.607757
3.700000 0.600347
3.800000 0.592140
3.900000 0.584936
4.000000 0.577784
4.100000 0.569509
4.200000 0.561296
4.300000 0.554145
4.400000 0.545815
4.500000 0.538547
4.600000 0.530440
4.700000 0.522738
4.800000 0.514744
4.900000 0.506432
5.000000 0.499557
5.100000 0.491913
5.200000 0.484035
5.300000 0.476759
5.400000 0.468878
5.500000 0.461544
5.600000 0.453569
5.700000 0.446134
5.800000 0.438659
5.900000 0.431364
6.000000 0.423782
6.100000 0.416474
6.200000 0.409167
6.300000 0.401919
6.400000 0.394857
6.500000 0.387308
6.600000 0.380150
6.700000 0.372940
6.800000 0.365766
6.900000 0.359075
7.000000 0.351938
7.100000 0.345090
7.200000 0.338248
7.300000 0.331283
7.400000 0.324436
7.500000 0.317654
7.600000 0.310855
7.700000 0.304362
7.800000 0.297602
7.900000 0.291033
8.000000 0.284599
8.100000 0.278241
8.200000 0.271683
8.300000 0.265603
8.400000 0.258922
8.500000 0.252943
8.600000 0.247015
8.700000 0.240879
8.800000 0.234652
8.900000 0.228629
9.000000 0.223016
9.100000 0.217175
9.200000 0.211241
9.300000 0.205451
9.400000 0.200034
9.500000 0.194331
9.600000 0.188768
9.700000 0.183369
9.800000 0.177852
9.900000 0.172726
10.000000 0.167485
10.100000 0.162341
10.200000 0.157233
10.300000 0.152194
10.400000 0.147219
10.500000 0.142292
10.600000 0.137804
10.700000 0.132940
10.800000 0.128172
10.900000 0.123812
11.000000 0.119289
11.100000 0.114955
11.200000 0.110586
11.300000 0.106446
11.400000 0.102263
11.500000 0.098275
11.600000 0.094331
11.700000 0.090439
11.800000 0.086526
11.900000 0.082848
12.000000 0.079288
12.100000 0.075662
12.200000 0.072270
12.300000 0.068936
12.400000 0.065632
12.500000 0.062357
12.600000 0.059364
12.700000 0.056310
12.800000 0.053425
12.900000 0.050651
13.000000 0.047933
13.100000 0.045221
13.200000 0.042648
13.300000 0.040304
13.400000 0.037873
13.500000 0.035552
13.600000 0.033468
13.700000 0.031300
13.800000 0.029294
13.900000 0.027421
14.000000 0.025557
14.100000 0.023857
14.200000 0.022153
14.300000 0.020608
14.400000 0.019118
14.500000 0.017678
14.600000 0.016340
14.700000 0.015073
14.800000 0.013829
14.900000 0.012748
15.000000 0.011671
15.100000 0.010704
15.200000 0.009760
15.300000 0.008902
15.400000 0.008124
15.500000 0.007376
15.600000 0.006698
15.700000 0.006044
15.800000 0.005480
15.900000 0.004930
16.000000 0.004456
16.100000 0.003989
16.200000 0.003587
16.300000 0.003212
16.400000 0.002865
16.500000 0.002551
16.600000 0.002275
16.700000 0.002015
16.800000 0.001789
16.900000 0.001583
17.000000 0.001396
17.100000 0.001227
17.200000 0.001084
17.300000 0.000949
17.400000 0.000834
17.500000 0.000732
17.600000 0.000634
17.700000 0.000559
17.800000 0.000479
17.900000 0.000421
18.000000 0.000362
18.100000 0.000313
18.200000 0.000272
18.300000 0.000235
18.400000 0.000204
18.500000 0.000176
18.600000 0.000149
18.700000 0.000127
18.800000 0.000110
18.900000 0.000093
19.000000 0.000080
19.100000 0.000069
19.200000 0.000059
19.300000 0.000049
19.400000 0.000041
19.500000 0.000035
19.600000 0.000031
19.700000 0.000026
19.800000 0.000022
19.900000 0.000018
20.000000 0.000015
