0.10000000 0.00000000
0.20000000 0.00000000
0.30000000 0.00000000
0.40000000 0.00000000
0.50000000 0.00000000
0.60000000 0.10124668
0.70000000 0.93819311
0.80000000 1.26141658
0.90000000 0.73763269
1.00000000 0.85109863
1.10000000 0.96134112
1.20000000 0.81694370
1.30000000 0.76866519
1.40000000 0.78632768
1.50000000 0.72737375
1.60000000 0.67569552
1.70000000 0.70404185
1.80000000 0.73727494
1.90000000 0.75854909
2.00000000 0.76309770
2.10000000 0.75467304
2.20000000 0.73830362
2.30000000 0.72539702
2.40000000 0.71819254
2.50000000 0.70905377
2.60000000 0.69914735
2.70000000 0.69104106
2.80000000 0.68135275
2.90000000 0.67106426
3.00000000 0.66079390
3.10000000 0.65107990
3.20000000 0.64080243
3.30000000 0.63275405
3.40000000 0.62557694
3.50000000 0.61730881
3.60000000 0.60849197
3.70000000 0.60025192
3.80000000 0.59258996
3.90000000 0.58426353
4.00000000 0.57633233
4.10000000 0.56806003
4.20000000 0.56147803
4.30000000 0.55276553
4.40000000 0.54561682
4.50000000 0.53724688
4.60000000 0.52918926
4.70000000 0.52188227
4.80000000 0.51304727
4.90000000 0.50641367
5.00000000 0.49871681
5.10000000 0.49096791
5.20000000 0.48283803
5.30000000 0.47520648
5.40000000 0.46789013
5.50000000 0.46029416
5.60000000 0.45258246
5.70000000 0.44512196
5.80000000 0.43756719
5.90000000 0.43039710
6.00000000 0.42305553
6.10000000 0.41530314
6.20000000 0.40826757
6.30000000 0.40118136
6.40000000 0.39361576
6.50000000 0.38699750
6.60000000 0.37945384
6.70000000 0.37250210
6.80000000 0.36530643
6.90000000 0.35829945
7.00000000 0.35115994
7.10000000 0.34456076
7.20000000 0.33762246
7.30000000 0.33063063
7.40000000 0.32399592
7.50000000 0.31730822
7.60000000 0.31061418
7.70000000 0.30372383
7.80000000 0.29746333
7.90000000 0.29046654
8.00000000 0.28398836
8.10000000 0.27801033
8.20000000 0.27118558
8.30000000 0.26549507
8.40000000 0.25893396
8.50000000 0.25228014
8.60000000 0.24658075
8.70000000 0.24027483
8.80000000 0.23425005
8.90000000 0.22859377
9.00000000 0.22249376
9.10000000 0.21694388
9.20000000 0.21089959
9.30000000 0.20536450
9.40000000 0.19961395
9.50000000 0.19414184
9.60000000 0.18854243
9.70000000 0.18320344
9.80000000 0.17800989
9.90000000 0.17239949
10.00000000 0.16736175
10.10000000 0.16199449
10.20000000 0.15712363
10.30000000 0.15197833
10.40000000 0.14735477
10.50000000 0.14223680
10.60000000 0.13759302
10.70000000 0.13296700
10.80000000 0.12841241
10.90000000 0.12352033
11.00000000 0.11933510
11.10000000 0.11490194
11.20000000 0.11068614
11.30000000 0.10638968
11.40000000 0.10238367
11.50000000 0.09842544
11.60000000 0.09423967
11.70000000 0.09047017
11.80000000 0.08666412
11.90000000 0.08290743
12.00000000 0.07931096
12.10000000 0.07580515
12.20000000 0.07231886
12.30000000 0.06901375
12.40000000 0.06574403
12.50000000 0.06244908
12.60000000 0.05949990
12.70000000 0.05643235
12.80000000 0.05356209
12.90000000 0.05075865
13.00000000 0.04802863
13.10000000 0.04538259
13.20000000 0.04287211
13.30000000 0.04034021
13.40000000 0.03799704
13.50000000 0.03576900
13.60000000 0.03354211
13.70000000 0.03144196
13.80000000 0.02942926
13.90000000 0.02751201
14.00000000 0.02570660
14.10000000 0.02394981
14.20000000 0.02228054
14.30000000 0.02071653
14.40000000 0.01918463
14.50000000 0.01777294
14.60000000 0.01640337
14.70000000 0.01518247
14.80000000 0.01394892
14.90000000 0.01281118
15.00000000 0.01176399
15.10000000 0.01075807
15.20000000 0.00982739
15.30000000 0.00899553
15.40000000 0.00817521
15.50000000 0.00743247
15.60000000 0.00674500
15.70000000 0.00611675
15.80000000 0.00552438
15.90000000 0.00498179
16.00000000 0.00447841
16.10000000 0.00403805
16.20000000 0.00361205
16.30000000 0.00323094
16.40000000 0.00289651
16.50000000 0.00258357
16.60000000 0.00229566
16.70000000 0.00203693
16.80000000 0.00180053
16.90000000 0.00159225
17.00000000 0.00142129
17.10000000 0.00123672
17.20000000 0.00109947
17.30000000 0.00095904
17.40000000 0.00083547
17.50000000 0.00073363
17.60000000 0.00064705
17.70000000 0.00055469
17.80000000 0.00048818
17.90000000 0.00041803
18.00000000 0.00036921
18.10000000 0.00031694
18.20000000 0.00027360
18.30000000 0.00023529
18.40000000 0.00020313
18.50000000 0.00017739
18.60000000 0.00014808
18.70000000 0.00013004
18.80000000 0.00011207
18.90000000 0.00009272
19.00000000 0.00007856
19.10000000 0.00006956
19.20000000 0.00005897
19.30000000 0.00005017
19.40000000 0.00004148
19.50000000 0.00003569
19.60000000 0.00002958
19.70000000 0.00002582
19.80000000 0.00002165
19.90000000 0.00001900
20.00000000 0.00001547
