0.10000000 0.00000000
0.20000000 0.00000000
0.30000000 0.00000000
0.40000000 0.00000000
0.50000000 0.00000000
0.60000000 0.21930000
0.70000000 144.20630000
0.80000000 453.18942000
0.90000000 73.14034000
1.00000000 90.93694000
1.10000000 105.90956000
1.20000000 49.71326000
1.30000000 30.55838000
1.40000000 34.64198000
1.50000000 39.40656000
1.60000000 43.34804000
1.70000000 42.69530000
1.80000000 32.65462000
1.90000000 18.75488000
2.00000000 13.27542000
2.10000000 12.57906000
2.20000000 12.12274000
2.30000000 11.19902000
2.40000000 9.70900000
2.50000000 7.82024000
2.60000000 6.19618000
2.70000000 5.20996000
2.80000000 4.49366000
2.90000000 3.95368000
3.00000000 3.54346000
3.10000000 3.19382000
3.20000000 2.79374000
3.30000000 2.42436000
3.40000000 2.07462000
3.50000000 1.78200000
3.60000000 1.59290000
3.70000000 1.46458000
3.80000000 1.35882000
3.90000000 1.27102000
4.00000000 1.20002000
4.10000000 1.15610000
4.20000000 1.10886000
4.30000000 1.07546000
4.40000000 1.06892000
4.50000000 1.06472000
4.60000000 1.04612000
4.70000000 1.04152000
4.80000000 1.03822000
4.90000000 1.02244000
5.00000000 1.01768000
5.10000000 1.00856000
5.20000000 1.01574000
5.30000000 1.01066000
5.40000000 1.00244000
5.50000000 0.99272000
5.60000000 0.99856000
5.70000000 0.99582000
5.80000000 0.99704000
5.90000000 0.98984000
6.00000000 0.99564000
6.10000000 0.98946000
6.20000000 0.99462000
6.30000000 0.99142000
6.40000000 0.99000000
6.50000000 0.99306000
6.60000000 0.99166000
6.70000000 0.99304000
6.80000000 0.99642000
6.90000000 0.99364000
7.00000000 0.99490000
7.10000000 0.99560000
7.20000000 0.99806000
7.30000000 0.99956000
7.40000000 0.99478000
7.50000000 0.99900000
7.60000000 0.99360000
7.70000000 1.00234000
7.80000000 0.99986000
7.90000000 1.00190000
8.00000000 0.99968000
8.10000000 0.99640000
8.20000000 0.99954000
8.30000000 0.99810000
8.40000000 1.00322000
8.50000000 0.99516000
8.60000000 0.99658000
8.70000000 0.99628000
8.80000000 0.99698000
8.90000000 0.99554000
9.00000000 0.99824000
9.10000000 1.00208000
9.20000000 0.99400000
9.30000000 0.99996000
9.40000000 0.99602000
9.50000000 0.99742000
9.60000000 0.99184000
9.70000000 0.99728000
9.80000000 0.99640000
9.90000000 0.99566000
10.00000000 0.99518000
10.10000000 1.00034000
10.20000000 0.99434000
10.30000000 0.99846000
10.40000000 0.98686000
10.50000000 0.99212000
10.60000000 0.99692000
10.70000000 0.99952000
10.80000000 0.99600000
10.90000000 0.99764000
11.00000000 0.99426000
11.10000000 0.99308000
11.20000000 0.99592000
11.30000000 0.99450000
11.40000000 0.99308000
11.50000000 0.99534000
11.60000000 0.99618000
11.70000000 0.99496000
11.80000000 0.99330000
11.90000000 0.98978000
12.00000000 0.99316000
12.10000000 0.99546000
12.20000000 0.99302000
12.30000000 0.99460000
12.40000000 0.99396000
12.50000000 0.99602000
12.60000000 0.99066000
12.70000000 0.99174000
12.80000000 0.99396000
12.90000000 0.99286000
13.00000000 0.99734000
13.10000000 0.99700000
13.20000000 0.99728000
13.30000000 0.99700000
13.40000000 0.99544000
13.50000000 0.99884000
13.60000000 0.99910000
13.70000000 0.99978000
13.80000000 0.99986000
13.90000000 1.00032000
14.00000000 0.99906000
14.10000000 0.99838000
14.20000000 0.99600000
14.30000000 0.99730000
14.40000000 1.00004000
14.50000000 1.00018000
14.60000000 0.99672000
14.70000000 0.99870000
14.80000000 0.99720000
14.90000000 0.99772000
15.00000000 0.99552000
15.10000000 0.99644000
15.20000000 0.99836000
15.30000000 0.99936000
15.40000000 0.99678000
15.50000000 1.00028000
15.60000000 0.99874000
15.70000000 0.99778000
15.80000000 0.99848000
15.90000000 0.99670000
16.00000000 1.00018000
16.10000000 0.99924000
16.20000000 0.99846000
16.30000000 0.99624000
16.40000000 0.99704000
16.50000000 0.99720000
16.60000000 0.99954000
16.70000000 0.99754000
16.80000000 0.99562000
16.90000000 0.99596000
17.00000000 0.99528000
17.10000000 0.99848000
17.20000000 0.99934000
17.30000000 0.99946000
17.40000000 0.99754000
17.50000000 0.99784000
17.60000000 0.99638000
17.70000000 0.99718000
17.80000000 1.00046000
17.90000000 0.99706000
18.00000000 0.99940000
18.10000000 0.99942000
18.20000000 0.99680000
18.30000000 0.99658000
18.40000000 0.99890000
18.50000000 0.99908000
18.60000000 0.99718000
18.70000000 1.00046000
18.80000000 0.99886000
18.90000000 0.99996000
19.00000000 0.99758000
19.10000000 0.99786000
19.20000000 1.00034000
19.30000000 0.99944000
19.40000000 1.00164000
19.50000000 0.99782000
19.60000000 1.00146000
19.70000000 1.00070000
19.80000000 0.99960000
19.90000000 0.99820000
20.00000000 1.00080000
