0.100000 0.000000
0.200000 0.000000
0.300000 0.000000
0.400000 0.000000
0.500000 0.000000
0.600000 0.007660
0.700000 2.450480
0.800000 11.932480
0.900000 21.312100
1.000000 26.683160
1.100000 28.667600
1.200000 28.070600
1.300000 25.822460
1.400000 23.154760
1.500000 20.304480
1.600000 17.968120
1.700000 15.838420
1.800000 13.944540
1.900000 12.265100
2.000000 10.901640
2.100000 9.657860
2.200000 8.488820
2.300000 7.510380
2.400000 6.611640
2.500000 5.858400
2.600000 5.184880
2.700000 4.570460
2.800000 4.082340
2.900000 3.666120
3.000000 3.253600
3.100000 2.939420
3.200000 2.645440
3.300000 2.388100
3.400000 2.182740
3.500000 1.991700
3.600000 1.857160
3.700000 1.717840
3.800000 1.611520
3.900000 1.513980
4.000000 1.434160
4.100000 1.361140
4.200000 1.301680
4.300000 1.241240
4.400000 1.210940
4.500000 1.174120
4.600000 1.131320
4.700000 1.113260
4.800000 1.085420
4.900000 1.074040
5.000000 1.057540
5.100000 1.047500
5.200000 1.038000
5.300000 1.033380
5.400000 1.025820
5.500000 1.015600
5.600000 1.018060
5.700000 1.014700
5.800000 1.002220
5.900000 1.003780
6.000000 0.995460
6.100000 0.997880
6.200000 0.996580
6.300000 0.993420
6.400000 0.992640
6.500000 0.991640
6.600000 0.996760
6.700000 0.994940
6.800000 0.993800
6.900000 0.994000
7.000000 0.994380
7.100000 0.996280
7.200000 0.992460
7.300000 0.993240
7.400000 0.997000
7.500000 1.002160
7.600000 1.006620
7.700000 1.001580
7.800000 1.005360
7.900000 1.004180
8.000000 1.005060
8.100000 0.998680
8.200000 1.002560
8.300000 1.001660
8.400000 1.003720
8.500000 1.003140
8.600000 1.001700
8.700000 1.003580
8.800000 0.998700
8.900000 1.001060
9.000000 0.999100
9.100000 0.998380
9.200000 0.996820
9.300000 0.999840
9.400000 0.997700
9.500000 0.997140
9.600000 0.997980
9.700000 0.994760
9.800000 0.996740
9.900000 0.996380
10.000000 0.996620
10.100000 0.997540
10.200000 0.994440
10.300000 1.002000
10.400000 0.999740
10.500000 0.997920
10.600000 0.998820
10.700000 1.002700
10.800000 1.001620
10.900000 1.001140
11.000000 0.994720
11.100000 0.998720
11.200000 1.000600
11.300000 0.997660
11.400000 0.997500
11.500000 1.001080
11.600000 0.997920
11.700000 0.997940
11.800000 0.999680
11.900000 1.000940
12.000000 1.000760
12.100000 1.000860
12.200000 1.000900
12.300000 1.000280
12.400000 1.001220
12.500000 1.002300
12.600000 1.000380
12.700000 0.998620
12.800000 0.997460
12.900000 1.002080
13.000000 1.000640
13.100000 1.000280
13.200000 1.000160
13.300000 1.000960
13.400000 1.001280
13.500000 1.001060
13.600000 0.999980
13.700000 0.999440
13.800000 0.999440
13.900000 0.999400
14.000000 0.998480
14.100000 0.997640
14.200000 1.000980
14.300000 0.998200
14.400000 0.997520
14.500000 0.999780
14.600000 0.998620
14.700000 0.997940
14.800000 0.996800
14.900000 0.998060
15.000000 0.998800
15.100000 0.996260
15.200000 0.995660
15.300000 0.995380
15.400000 0.997720
15.500000 0.998080
15.600000 0.998520
15.700000 0.998780
15.800000 0.996580
15.900000 0.998540
16.000000 0.997960
16.100000 0.998400
16.200000 1.000000
16.300000 0.999720
16.400000 1.000600
16.500000 1.000680
16.600000 0.998980
16.700000 0.999940
16.800000 0.999340
16.900000 1.000020
17.000000 0.999740
17.100000 0.998940
17.200000 0.999200
17.300000 0.999920
17.400000 0.999060
17.500000 0.998980
17.600000 0.997140
17.700000 0.998280
17.800000 0.999140
17.900000 0.999660
18.000000 0.998700
18.100000 1.000780
18.200000 0.999280
18.300000 1.002080
18.400000 0.998100
18.500000 0.999120
18.600000 1.001580
18.700000 1.001160
18.800000 1.000540
18.900000 1.000340
19.000000 1.000700
19.100000 1.000980
19.200000 1.001100
19.300000 1.000600
19.400000 0.999180
19.500000 1.001280
19.600000 1.001260
19.700000 1.000120
19.800000 1.001740
19.900000 0.999980
20.000000 0.999200
