0.100000 0.000000
0.200000 0.000000
0.300000 0.000000
0.400000 0.000000
0.500000 0.000000
0.600000 0.000989
0.700000 0.615452
0.800000 1.919215
0.900000 0.817366
1.000000 0.882506
1.100000 0.894559
1.200000 0.666271
1.300000 0.609423
1.400000 0.641097
1.500000 0.690315
1.600000 0.736954
1.700000 0.771397
1.800000 0.768046
1.900000 0.734242
2.000000 0.724830
2.100000 0.723504
2.200000 0.722031
2.300000 0.718680
2.400000 0.711180
2.500000 0.703269
2.600000 0.689528
2.700000 0.683889
2.800000 0.673631
2.900000 0.664282
3.000000 0.656666
3.100000 0.648146
3.200000 0.638805
3.300000 0.631533
3.400000 0.622087
3.500000 0.614129
3.600000 0.605087
3.700000 0.598343
3.800000 0.590820
3.900000 0.583159
4.000000 0.575662
4.100000 0.567373
4.200000 0.559833
4.300000 0.552194
4.400000 0.544527
4.500000 0.536370
4.600000 0.528657
4.700000 0.521562
4.800000 0.513795
4.900000 0.505768
5.000000 0.497872
5.100000 0.490601
5.200000 0.482435
5.300000 0.474717
5.400000 0.468100
5.500000 0.460061
5.600000 0.452581
5.700000 0.444666
5.800000 0.437759
5.900000 0.429921
6.000000 0.422647
6.100000 0.414987
6.200000 0.408395
6.300000 0.400628
6.400000 0.393712
6.500000 0.386745
6.600000 0.378957
6.700000 0.371560
6.800000 0.365639
6.900000 0.357902
7.000000 0.351293
7.100000 0.344269
7.200000 0.337454
7.300000 0.330501
7.400000 0.323761
7.500000 0.316883
7.600000 0.310563
7.700000 0.303990
7.800000 0.297085
7.900000 0.290892
8.000000 0.283812
8.100000 0.277399
8.200000 0.271162
8.300000 0.264985
8.400000 0.258912
8.500000 0.252915
8.600000 0.246482
8.700000 0.240115
8.800000 0.234339
8.900000 0.228596
9.000000 0.222780
9.100000 0.216743
9.200000 0.211201
9.300000 0.205442
9.400000 0.199813
9.500000 0.194190
9.600000 0.188589
9.700000 0.183170
9.800000 0.177933
9.900000 0.172725
10.000000 0.167464
10.100000 0.162222
10.200000 0.157155
10.300000 0.152188
10.400000 0.147205
10.500000 0.142718
10.600000 0.137712
10.700000 0.132968
10.800000 0.128626
10.900000 0.123911
11.000000 0.119435
11.100000 0.115151
11.200000 0.110749
11.300000 0.106540
11.400000 0.102577
11.500000 0.098582
11.600000 0.094538
11.700000 0.090629
11.800000 0.086913
11.900000 0.083060
12.000000 0.079454
12.100000 0.076036
12.200000 0.072577
12.300000 0.069201
12.400000 0.065794
12.500000 0.062753
12.600000 0.059710
12.700000 0.056674
12.800000 0.053801
12.900000 0.050943
13.000000 0.048201
13.100000 0.045530
13.200000 0.043020
13.300000 0.040523
13.400000 0.038189
13.500000 0.035941
13.600000 0.033710
13.700000 0.031605
13.800000 0.029624
13.900000 0.027657
14.000000 0.025836
14.100000 0.024047
14.200000 0.022465
14.300000 0.020854
14.400000 0.019314
14.500000 0.017873
14.600000 0.016501
14.700000 0.015245
14.800000 0.014017
14.900000 0.012928
15.000000 0.011859
15.100000 0.010825
15.200000 0.009934
15.300000 0.009050
15.400000 0.008246
15.500000 0.007510
15.600000 0.006807
15.700000 0.006167
15.800000 0.005580
15.900000 0.005017
16.000000 0.004521
16.100000 0.004075
16.200000 0.003649
16.300000 0.003260
16.400000 0.002917
16.500000 0.002598
16.600000 0.002322
16.700000 0.002053
16.800000 0.001824
16.900000 0.001616
17.000000 0.001434
17.100000 0.001252
17.200000 0.001095
17.300000 0.000974
17.400000 0.000857
17.500000 0.000743
17.600000 0.000646
17.700000 0.000562
17.800000 0.000494
17.900000 0.000428
18.000000 0.000368
18.100000 0.000325
18.200000 0.000277
18.300000 0.000235
18.400000 0.000208
18.500000 0.000177
18.600000 0.000155
18.700000 0.000129
18.800000 0.000111
18.900000 0.000094
19.000000 0.000080
19.100000 0.000069
19.200000 0.000061
19.300000 0.000050
19.400000 0.000042
19.500000 0.000037
19.600000 0.000030
19.700000 0.000025
19.800000 0.000022
19.900000 0.000017
20.000000 0.000016
