0.100000 0.000000
0.200000 0.000000
0.300000 0.000000
0.400000 0.000000
0.500000 0.000000
0.600000 0.000000
0.700000 0.059960
0.800000 5.562320
0.900000 21.664600
1.000000 30.398680
1.100000 30.993400
1.200000 28.819640
1.300000 26.113020
1.400000 23.000880
1.500000 20.329920
1.600000 18.172520
1.700000 16.062160
1.800000 14.137020
1.900000 12.454780
2.000000 10.911120
2.100000 9.606360
2.200000 8.440620
2.300000 7.443180
2.400000 6.570480
2.500000 5.838740
2.600000 5.186300
2.700000 4.590180
2.800000 4.092840
2.900000 3.634980
3.000000 3.226820
3.100000 2.897640
3.200000 2.624120
3.300000 2.382060
3.400000 2.171840
3.500000 1.994300
3.600000 1.839760
3.700000 1.697600
3.800000 1.586000
3.900000 1.497360
4.000000 1.408200
4.100000 1.362300
4.200000 1.292220
4.300000 1.235260
4.400000 1.191020
4.500000 1.153180
4.600000 1.124940
4.700000 1.111420
4.800000 1.082460
4.900000 1.078520
5.000000 1.059280
5.100000 1.042260
5.200000 1.033020
5.300000 1.028280
5.400000 1.022200
5.500000 1.020920
5.600000 1.013220
5.700000 1.012800
5.800000 1.005160
5.900000 0.992220
6.000000 1.002320
6.100000 0.996560
6.200000 0.994440
6.300000 0.990740
6.400000 0.995800
6.500000 0.995120
6.600000 0.990320
6.700000 0.993780
6.800000 0.990720
6.900000 0.997980
7.000000 0.994280
7.100000 0.990500
7.200000 0.996000
7.300000 0.999040
7.400000 0.998960
7.500000 1.000220
7.600000 0.997600
7.700000 1.002820
7.800000 1.005820
7.900000 1.002160
8.000000 1.007980
8.100000 0.998860
8.200000 1.004500
8.300000 1.000360
8.400000 1.001820
8.500000 1.004240
8.600000 1.004140
8.700000 1.005900
8.800000 1.000380
8.900000 0.998620
9.000000 1.000120
9.100000 0.998160
9.200000 0.999880
9.300000 0.997320
9.400000 0.997080
9.500000 1.000120
9.600000 0.998240
9.700000 0.996220
9.800000 0.995320
9.900000 0.996320
10.000000 0.995200
10.100000 0.998860
10.200000 0.996940
10.300000 0.999940
10.400000 1.002080
10.500000 0.996960
10.600000 1.002640
10.700000 1.001760
10.800000 1.000320
10.900000 0.998700
11.000000 0.998040
11.100000 1.001600
11.200000 0.998540
11.300000 0.999060
11.400000 0.998900
11.500000 0.994480
11.600000 1.000340
11.700000 0.998600
11.800000 1.002460
11.900000 0.998140
12.000000 1.000880
12.100000 0.998220
12.200000 1.001480
12.300000 1.000540
12.400000 1.003500
12.500000 0.996400
12.600000 0.998400
12.700000 1.000280
12.800000 0.999720
12.900000 0.999640
13.000000 0.999040
13.100000 1.000580
13.200000 1.003500
13.300000 1.000200
13.400000 1.002040
13.500000 0.999980
13.600000 0.999420
13.700000 0.999160
13.800000 1.001860
13.900000 0.998200
14.000000 0.998340
14.100000 0.997280
14.200000 0.998760
14.300000 0.998660
14.400000 0.998460
14.500000 1.000860
14.600000 0.997000
14.700000 0.999520
14.800000 0.997920
14.900000 1.001080
15.000000 0.995120
15.100000 0.995180
15.200000 0.996640
15.300000 0.996100
15.400000 0.995940
15.500000 0.997120
15.600000 0.999240
15.700000 0.999920
15.800000 0.995880
15.900000 0.998300
16.000000 0.999620
16.100000 0.998960
16.200000 0.998240
16.300000 0.996240
16.400000 1.000320
16.500000 1.000460
16.600000 0.999020
16.700000 0.999440
16.800000 0.999560
16.900000 0.999260
17.000000 0.999780
17.100000 1.000260
17.200000 1.000040
17.300000 0.998680
17.400000 0.998380
17.500000 0.998220
17.600000 1.000420
17.700000 0.999240
17.800000 1.000500
17.900000 1.000220
18.000000 0.998600
18.100000 1.001340
18.200000 1.000480
18.300000 1.000940
18.400000 0.999520
18.500000 1.001380
18.600000 0.999980
18.700000 1.001200
18.800000 0.999980
18.900000 1.000280
19.000000 0.997340
19.100000 1.001200
19.200000 1.001660
19.300000 1.001300
19.400000 1.000940
19.500000 1.000440
19.600000 1.001060
19.700000 0.998380
19.800000 0.999320
19.900000 1.001100
20.000000 0.998500
