0.10000000 0.00000000
0.20000000 0.00000000
0.30000000 0.00000000
0.40000000 0.00000000
0.50000000 0.00000000
0.60000000 0.00000000
0.70000000 0.00322995
0.80000000 0.25969638
0.90000000 0.87561348
1.00000000 1.10984751
1.10000000 1.08536435
1.20000000 1.00444023
1.30000000 0.93019358
1.40000000 0.86281205
1.50000000 0.81869751
1.60000000 0.79864918
1.70000000 0.78335662
1.80000000 0.76807306
1.90000000 0.75172327
2.00000000 0.73172375
2.10000000 0.71512396
2.20000000 0.70251673
2.30000000 0.69152282
2.40000000 0.68389278
2.50000000 0.67961349
2.60000000 0.67389708
2.70000000 0.66824937
2.80000000 0.66326619
2.90000000 0.65639944
3.00000000 0.65016484
3.10000000 0.64320679
3.20000000 0.63669994
3.30000000 0.62812196
3.40000000 0.62089278
3.50000000 0.61319195
3.60000000 0.60495150
3.70000000 0.59787588
3.80000000 0.58894693
3.90000000 0.58125261
4.00000000 0.57356427
4.10000000 0.56555197
4.20000000 0.55693565
4.30000000 0.54978166
4.40000000 0.54178185
4.50000000 0.53352835
4.60000000 0.52563927
4.70000000 0.51877878
4.80000000 0.51079647
4.90000000 0.50302493
5.00000000 0.49576394
5.10000000 0.48779320
5.20000000 0.48007992
5.30000000 0.47259816
5.40000000 0.46524731
5.50000000 0.45792601
5.60000000 0.45038075
5.70000000 0.44260541
5.80000000 0.43561310
5.90000000 0.42819924
6.00000000 0.42106535
6.10000000 0.41369273
6.20000000 0.40665624
6.30000000 0.39926086
6.40000000 0.39182276
6.50000000 0.38487606
6.60000000 0.37786880
6.70000000 0.37073730
6.80000000 0.36390073
6.90000000 0.35681503
7.00000000 0.34983970
7.10000000 0.34282229
7.20000000 0.33610005
7.30000000 0.32918777
7.40000000 0.32261536
7.50000000 0.31597406
7.60000000 0.30952729
7.70000000 0.30289245
7.80000000 0.29632179
7.90000000 0.28971372
8.00000000 0.28358738
8.10000000 0.27692812
8.20000000 0.27086015
8.30000000 0.26477933
8.40000000 0.25843273
8.50000000 0.25217187
8.60000000 0.24599524
8.70000000 0.23994250
8.80000000 0.23413516
8.90000000 0.22806157
9.00000000 0.22234734
9.10000000 0.21668745
9.20000000 0.21085684
9.30000000 0.20526428
9.40000000 0.19964254
9.50000000 0.19405788
9.60000000 0.18876701
9.70000000 0.18338504
9.80000000 0.17809575
9.90000000 0.17296747
10.00000000 0.16770768
10.10000000 0.16255037
10.20000000 0.15753868
10.30000000 0.15255281
10.40000000 0.14769591
10.50000000 0.14290900
10.60000000 0.13806566
10.70000000 0.13346907
10.80000000 0.12889167
10.90000000 0.12436777
11.00000000 0.11987615
11.10000000 0.11548007
11.20000000 0.11125269
11.30000000 0.10712759
11.40000000 0.10301169
11.50000000 0.09899647
11.60000000 0.09501977
11.70000000 0.09116723
11.80000000 0.08739318
11.90000000 0.08365811
12.00000000 0.07999062
12.10000000 0.07654191
12.20000000 0.07315527
12.30000000 0.06969198
12.40000000 0.06644993
12.50000000 0.06328518
12.60000000 0.06016024
12.70000000 0.05719528
12.80000000 0.05430107
12.90000000 0.05141463
13.00000000 0.04868397
13.10000000 0.04603262
13.20000000 0.04349553
13.30000000 0.04099036
13.40000000 0.03864140
13.50000000 0.03631893
13.60000000 0.03412083
13.70000000 0.03197710
13.80000000 0.02991237
13.90000000 0.02799766
14.00000000 0.02616433
14.10000000 0.02434508
14.20000000 0.02266118
14.30000000 0.02099131
14.40000000 0.01946799
14.50000000 0.01807942
14.60000000 0.01667863
14.70000000 0.01537544
14.80000000 0.01419218
14.90000000 0.01302137
15.00000000 0.01193225
15.10000000 0.01093665
15.20000000 0.00997444
15.30000000 0.00909931
15.40000000 0.00826297
15.50000000 0.00750734
15.60000000 0.00682011
15.70000000 0.00615573
15.80000000 0.00555008
15.90000000 0.00500550
16.00000000 0.00449539
16.10000000 0.00404884
16.20000000 0.00360872
16.30000000 0.00322396
16.40000000 0.00288378
16.50000000 0.00255470
16.60000000 0.00228380
16.70000000 0.00201100
16.80000000 0.00177309
16.90000000 0.00155973
17.00000000 0.00138663
17.10000000 0.00121788
17.20000000 0.00106179
17.30000000 0.00093013
17.40000000 0.00080909
17.50000000 0.00070761
17.60000000 0.00061628
17.70000000 0.00053347
17.80000000 0.00046530
17.90000000 0.00040443
18.00000000 0.00034625
18.10000000 0.00029489
18.20000000 0.00025254
18.30000000 0.00021970
18.40000000 0.00019044
18.50000000 0.00015899
18.60000000 0.00013622
18.70000000 0.00011556
18.80000000 0.00009978
18.90000000 0.00008388
19.00000000 0.00007134
19.10000000 0.00005945
19.20000000 0.00005108
19.30000000 0.00004382
19.40000000 0.00003597
19.50000000 0.00002847
19.60000000 0.00002530
19.70000000 0.00002102
19.80000000 0.00001693
19.90000000 0.00001408
20.00000000 0.00001146
