0.10000000 0.00000000
0.20000000 0.00000000
0.30000000 0.00000000
0.40000000 0.00000000
0.50000000 0.00000000
0.60000000 0.00000000
0.70000000 0.00872000
0.80000000 16.90104000
0.90000000 192.67310000
1.00000000 470.01568000
1.10000000 125.91972000
1.20000000 39.69060000
1.30000000 80.91694000
1.40000000 132.23998000
1.50000000 111.40910000
1.60000000 42.58990000
1.70000000 43.39486000
1.80000000 54.82718000
1.90000000 54.14556000
2.00000000 35.99970000
2.10000000 25.66468000
2.20000000 26.91438000
2.30000000 26.32152000
2.40000000 21.32812000
2.50000000 15.64894000
2.60000000 13.70140000
2.70000000 12.93092000
2.80000000 11.15720000
2.90000000 8.68044000
3.00000000 7.08300000
3.10000000 6.25518000
3.20000000 5.43098000
3.30000000 4.45502000
3.40000000 3.56644000
3.50000000 3.00754000
3.60000000 2.63490000
3.70000000 2.21570000
3.80000000 1.88268000
3.90000000 1.62822000
4.00000000 1.45054000
4.10000000 1.32554000
4.20000000 1.23350000
4.30000000 1.15582000
4.40000000 1.12342000
4.50000000 1.09382000
4.60000000 1.08816000
4.70000000 1.07300000
4.80000000 1.05320000
4.90000000 1.03318000
5.00000000 1.03394000
5.10000000 1.04930000
5.20000000 1.03200000
5.30000000 1.01874000
5.40000000 1.02098000
5.50000000 1.02930000
5.60000000 1.01970000
5.70000000 1.01616000
5.80000000 1.01006000
5.90000000 1.01084000
6.00000000 1.01678000
6.10000000 1.01114000
6.20000000 1.00736000
6.30000000 0.99890000
6.40000000 1.00504000
6.50000000 1.00266000
6.60000000 0.99104000
6.70000000 0.98862000
6.80000000 0.98294000
6.90000000 0.99388000
7.00000000 0.98926000
7.10000000 1.00026000
7.20000000 0.98990000
7.30000000 0.99030000
7.40000000 0.99670000
7.50000000 1.00122000
7.60000000 0.99488000
7.70000000 0.99362000
7.80000000 1.00574000
7.90000000 0.99802000
8.00000000 1.00062000
8.10000000 0.99692000
8.20000000 1.00638000
8.30000000 0.99580000
8.40000000 0.99876000
8.50000000 1.00308000
8.60000000 1.00352000
8.70000000 1.00090000
8.80000000 1.00010000
8.90000000 1.00646000
9.00000000 0.99698000
9.10000000 0.99980000
9.20000000 0.99984000
9.30000000 0.99548000
9.40000000 0.99572000
9.50000000 1.00038000
9.60000000 0.99786000
9.70000000 0.99690000
9.80000000 0.99418000
9.90000000 0.99262000
10.00000000 0.99302000
10.10000000 0.98956000
10.20000000 0.99296000
10.30000000 0.99754000
10.40000000 0.99336000
10.50000000 0.99124000
10.60000000 0.98862000
10.70000000 0.99876000
10.80000000 0.99630000
10.90000000 0.99400000
11.00000000 0.99818000
11.10000000 0.99516000
11.20000000 0.99492000
11.30000000 0.99574000
11.40000000 0.99510000
11.50000000 0.99802000
11.60000000 0.99808000
11.70000000 1.00008000
11.80000000 0.99930000
11.90000000 1.00020000
12.00000000 1.00264000
12.10000000 0.99696000
12.20000000 1.00352000
12.30000000 0.99670000
12.40000000 1.00226000
12.50000000 0.99166000
12.60000000 0.99568000
12.70000000 0.99528000
12.80000000 1.00072000
12.90000000 0.99858000
13.00000000 0.99090000
13.10000000 1.00174000
13.20000000 1.00018000
13.30000000 0.99636000
13.40000000 0.99814000
13.50000000 0.99648000
13.60000000 0.99928000
13.70000000 0.99716000
13.80000000 0.99746000
13.90000000 1.00348000
14.00000000 1.00010000
14.10000000 1.00302000
14.20000000 1.00466000
14.30000000 1.00478000
14.40000000 1.00132000
14.50000000 1.00654000
14.60000000 1.00954000
14.70000000 1.00306000
14.80000000 1.00134000
14.90000000 1.00728000
15.00000000 1.00022000
15.10000000 1.00390000
15.20000000 0.99876000
15.30000000 1.00192000
15.40000000 0.99694000
15.50000000 1.00096000
15.60000000 1.00096000
15.70000000 0.99794000
15.80000000 0.99660000
15.90000000 0.99664000
16.00000000 0.99908000
16.10000000 0.99676000
16.20000000 0.99708000
16.30000000 0.99656000
16.40000000 0.99836000
16.50000000 0.99718000
16.60000000 0.99782000
16.70000000 0.99432000
16.80000000 0.99902000
16.90000000 0.99984000
17.00000000 0.99560000
17.10000000 0.99812000
17.20000000 1.00096000
17.30000000 1.00110000
17.40000000 0.99796000
17.50000000 1.00232000
17.60000000 1.00410000
17.70000000 1.00122000
17.80000000 1.00030000
17.90000000 1.00000000
18.00000000 1.00080000
18.10000000 1.00074000
18.20000000 1.00206000
18.30000000 1.00104000
18.40000000 0.99684000
18.50000000 1.00026000
18.60000000 1.00050000
18.70000000 1.00014000
18.80000000 0.99786000
18.90000000 1.00278000
19.00000000 0.99750000
19.10000000 1.00208000
19.20000000 0.99990000
19.30000000 1.00180000
19.40000000 0.99816000
19.50000000 1.00054000
19.60000000 0.99506000
19.70000000 1.00090000
19.80000000 0.99702000
19.90000000 0.99644000
20.00000000 0.99362000
