0.100000 0.000000
0.200000 0.000000
0.300000 0.000000
0.400000 0.000000
0.500000 0.000000
0.600000 0.001026
0.700000 0.115949
0.800000 0.490597
0.900000 0.795838
1.000000 0.953530
1.100000 1.005169
1.200000 0.992551
1.300000 0.944437
1.400000 0.884578
1.500000 0.835930
1.600000 0.806744
1.700000 0.784125
1.800000 0.767001
1.900000 0.751057
2.000000 0.737428
2.100000 0.722561
2.200000 0.709524
2.300000 0.696249
2.400000 0.686472
2.500000 0.679693
2.600000 0.673738
2.700000 0.668236
2.800000 0.663430
2.900000 0.657511
3.000000 0.652021
3.100000 0.644849
3.200000 0.637201
3.300000 0.629364
3.400000 0.622830
3.500000 0.614832
3.600000 0.606026
3.700000 0.598484
3.800000 0.590542
3.900000 0.582453
4.000000 0.574597
4.100000 0.566667
4.200000 0.558283
4.300000 0.549739
4.400000 0.542968
4.500000 0.534314
4.600000 0.526728
4.700000 0.519265
4.800000 0.511212
4.900000 0.504098
5.000000 0.496569
5.100000 0.488347
5.200000 0.480935
5.300000 0.473630
5.400000 0.465950
5.500000 0.458203
5.600000 0.450807
5.700000 0.443325
5.800000 0.436113
5.900000 0.428347
6.000000 0.421519
6.100000 0.414158
6.200000 0.406858
6.300000 0.399671
6.400000 0.392400
6.500000 0.385726
6.600000 0.378240
6.700000 0.371032
6.800000 0.364136
6.900000 0.357199
7.000000 0.350310
7.100000 0.343347
7.200000 0.336449
7.300000 0.329772
7.400000 0.323163
7.500000 0.316360
7.600000 0.309707
7.700000 0.303183
7.800000 0.296621
7.900000 0.290131
8.000000 0.283564
8.100000 0.277309
8.200000 0.271137
8.300000 0.264793
8.400000 0.258638
8.500000 0.252309
8.600000 0.246336
8.700000 0.240142
8.800000 0.234256
8.900000 0.228315
9.000000 0.222541
9.100000 0.216641
9.200000 0.210943
9.300000 0.205371
9.400000 0.199795
9.500000 0.194159
9.600000 0.188734
9.700000 0.183435
9.800000 0.178091
9.900000 0.172880
10.000000 0.167663
10.100000 0.162547
10.200000 0.157638
10.300000 0.152469
10.400000 0.147602
10.500000 0.142897
10.600000 0.138117
10.700000 0.133332
10.800000 0.128779
10.900000 0.124259
11.000000 0.119820
11.100000 0.115458
11.200000 0.111159
11.300000 0.106996
11.400000 0.102948
11.500000 0.098821
11.600000 0.094960
11.700000 0.091069
11.800000 0.087219
11.900000 0.083488
12.000000 0.079886
12.100000 0.076447
12.200000 0.072938
12.300000 0.069548
12.400000 0.066298
12.500000 0.063095
12.600000 0.060027
12.700000 0.057076
12.800000 0.054088
12.900000 0.051277
13.000000 0.048555
13.100000 0.045914
13.200000 0.043385
13.300000 0.040807
13.400000 0.038463
13.500000 0.036202
13.600000 0.033950
13.700000 0.031846
13.800000 0.029813
13.900000 0.027835
14.000000 0.025990
14.100000 0.024198
14.200000 0.022542
14.300000 0.020886
14.400000 0.019386
14.500000 0.017934
14.600000 0.016563
14.700000 0.015279
14.800000 0.014047
14.900000 0.012930
15.000000 0.011870
15.100000 0.010829
15.200000 0.009905
15.300000 0.009040
15.400000 0.008214
15.500000 0.007445
15.600000 0.006757
15.700000 0.006111
15.800000 0.005508
15.900000 0.004961
16.000000 0.004448
16.100000 0.004005
16.200000 0.003575
16.300000 0.003198
16.400000 0.002839
16.500000 0.002531
16.600000 0.002255
16.700000 0.001989
16.800000 0.001763
16.900000 0.001553
17.000000 0.001367
17.100000 0.001192
17.200000 0.001052
17.300000 0.000919
17.400000 0.000803
17.500000 0.000702
17.600000 0.000609
17.700000 0.000531
17.800000 0.000458
17.900000 0.000396
18.000000 0.000341
18.100000 0.000292
18.200000 0.000254
18.300000 0.000217
18.400000 0.000185
18.500000 0.000159
18.600000 0.000135
18.700000 0.000116
18.800000 0.000098
18.900000 0.000083
19.000000 0.000072
19.100000 0.000060
19.200000 0.000050
19.300000 0.000042
19.400000 0.000035
19.500000 0.000030
19.600000 0.000025
19.700000 0.000021
19.800000 0.000017
19.900000 0.000015
20.000000 0.000012
