0.100000 0.000000
0.200000 0.000000
0.300000 0.000000
0.400000 0.000000
0.500000 0.000000
0.600000 0.219300
0.700000 144.206300
0.800000 453.189420
0.900000 73.140340
1.000000 90.936940
1.100000 105.909560
1.200000 49.713260
1.300000 30.558380
1.400000 34.641980
1.500000 39.406560
1.600000 43.348040
1.700000 42.695300
1.800000 32.654620
1.900000 18.754880
2.000000 13.275420
2.100000 12.579060
2.200000 12.122740
2.300000 11.199020
2.400000 9.709000
2.500000 7.820240
2.600000 6.196180
2.700000 5.209960
2.800000 4.493660
2.900000 3.953680
3.000000 3.543460
3.100000 3.193820
3.200000 2.793740
3.300000 2.424360
3.400000 2.074620
3.500000 1.782000
3.600000 1.592900
3.700000 1.464580
3.800000 1.358820
3.900000 1.271020
4.000000 1.200020
4.100000 1.156100
4.200000 1.108860
4.300000 1.075460
4.400000 1.068920
4.500000 1.064720
4.600000 1.046120
4.700000 1.041520
4.800000 1.038220
4.900000 1.022440
5.000000 1.017680
5.100000 1.008560
5.200000 1.015740
5.300000 1.010660
5.400000 1.002440
5.500000 0.992720
5.600000 0.998560
5.700000 0.995820
5.800000 0.997040
5.900000 0.989840
6.000000 0.995640
6.100000 0.989460
6.200000 0.994620
6.300000 0.991420
6.400000 0.990000
6.500000 0.993060
6.600000 0.991660
6.700000 0.993040
6.800000 0.996420
6.900000 0.993640
7.000000 0.994900
7.100000 0.995600
7.200000 0.998060
7.300000 0.999560
7.400000 0.994780
7.500000 0.999000
7.600000 0.993600
7.700000 1.002340
7.800000 0.999860
7.900000 1.001900
8.000000 0.999680
8.100000 0.996400
8.200000 0.999540
8.300000 0.998100
8.400000 1.003220
8.500000 0.995160
8.600000 0.996580
8.700000 0.996280
8.800000 0.996980
8.900000 0.995540
9.000000 0.998240
9.100000 1.002080
9.200000 0.994000
9.300000 0.999960
9.400000 0.996020
9.500000 0.997420
9.600000 0.991840
9.700000 0.997280
9.800000 0.996400
9.900000 0.995660
10.000000 0.995180
10.100000 1.000340
10.200000 0.994340
10.300000 0.998460
10.400000 0.986860
10.500000 0.992120
10.600000 0.996920
10.700000 0.999520
10.800000 0.996000
10.900000 0.997640
11.000000 0.994260
11.100000 0.993080
11.200000 0.995920
11.300000 0.994500
11.400000 0.993080
11.500000 0.995340
11.600000 0.996180
11.700000 0.994960
11.800000 0.993300
11.900000 0.989780
12.000000 0.993160
12.100000 0.995460
12.200000 0.993020
12.300000 0.994600
12.400000 0.993960
12.500000 0.996020
12.600000 0.990660
12.700000 0.991740
12.800000 0.993960
12.900000 0.992860
13.000000 0.997340
13.100000 0.997000
13.200000 0.997280
13.300000 0.997000
13.400000 0.995440
13.500000 0.998840
13.600000 0.999100
13.700000 0.999780
13.800000 0.999860
13.900000 1.000320
14.000000 0.999060
14.100000 0.998380
14.200000 0.996000
14.300000 0.997300
14.400000 1.000040
14.500000 1.000180
14.600000 0.996720
14.700000 0.998700
14.800000 0.997200
14.900000 0.997720
15.000000 0.995520
15.100000 0.996440
15.200000 0.998360
15.300000 0.999360
15.400000 0.996780
15.500000 1.000280
15.600000 0.998740
15.700000 0.997780
15.800000 0.998480
15.900000 0.996700
16.000000 1.000180
16.100000 0.999240
16.200000 0.998460
16.300000 0.996240
16.400000 0.997040
16.500000 0.997200
16.600000 0.999540
16.700000 0.997540
16.800000 0.995620
16.900000 0.995960
17.000000 0.995280
17.100000 0.998480
17.200000 0.999340
17.300000 0.999460
17.400000 0.997540
17.500000 0.997840
17.600000 0.996380
17.700000 0.997180
17.800000 1.000460
17.900000 0.997060
18.000000 0.999400
18.100000 0.999420
18.200000 0.996800
18.300000 0.996580
18.400000 0.998900
18.500000 0.999080
18.600000 0.997180
18.700000 1.000460
18.800000 0.998860
18.900000 0.999960
19.000000 0.997580
19.100000 0.997860
19.200000 1.000340
19.300000 0.999440
19.400000 1.001640
19.500000 0.997820
19.600000 1.001460
19.700000 1.000700
19.800000 0.999600
19.900000 0.998200
20.000000 1.000800
