0.100000 0.000000
0.200000 0.000000
0.300000 0.000000
0.400000 0.000000
0.500000 5.370220
0.600000 91.475620
0.700000 228.061680
0.800000 241.340040
0.900000 75.303500
1.000000 98.724540
1.100000 107.025000
1.200000 59.496640
1.300000 42.726660
1.400000 44.825180
1.500000 41.788620
1.600000 37.280780
1.700000 34.072040
1.800000 26.905060
1.900000 19.002080
2.000000 15.599720
2.100000 14.001000
2.200000 12.255000
2.300000 10.522100
2.400000 9.080840
2.500000 7.596360
2.600000 6.365780
2.700000 5.404540
2.800000 4.618780
2.900000 3.951680
3.000000 3.468040
3.100000 3.049700
3.200000 2.659360
3.300000 2.333320
3.400000 2.040380
3.500000 1.791260
3.600000 1.618840
3.700000 1.491020
3.800000 1.376000
3.900000 1.287680
4.000000 1.220020
4.100000 1.171560
4.200000 1.132600
4.300000 1.098360
4.400000 1.083300
4.500000 1.063500
4.600000 1.044300
4.700000 1.034520
4.800000 1.032940
4.900000 1.024760
5.000000 1.015880
5.100000 1.017040
5.200000 1.012480
5.300000 1.009300
5.400000 0.998080
5.500000 1.002180
5.600000 0.995840
5.700000 0.994740
5.800000 1.000500
5.900000 0.996560
6.000000 0.996040
6.100000 0.994480
6.200000 0.990100
6.300000 0.991220
6.400000 0.993000
6.500000 0.992520
6.600000 0.997580
6.700000 0.991420
6.800000 0.997020
6.900000 0.997440
7.000000 0.997780
7.100000 0.994840
7.200000 0.994180
7.300000 0.997700
7.400000 1.003140
7.500000 0.997220
7.600000 0.997860
7.700000 0.997340
7.800000 0.998440
7.900000 0.994980
8.000000 0.994660
8.100000 1.000440
8.200000 0.998940
8.300000 0.998940
8.400000 0.999420
8.500000 0.996600
8.600000 0.998620
8.700000 0.995400
8.800000 0.996740
8.900000 0.998500
9.000000 0.994800
9.100000 0.995400
9.200000 0.992600
9.300000 0.999540
9.400000 0.994800
9.500000 0.998660
9.600000 0.998060
9.700000 0.995940
9.800000 0.997220
9.900000 1.000040
10.000000 0.997420
10.100000 0.994760
10.200000 0.996620
10.300000 0.995480
10.400000 0.994960
10.500000 0.995460
10.600000 0.995160
10.700000 0.995000
10.800000 0.990880
10.900000 0.998160
11.000000 0.994500
11.100000 0.993980
11.200000 0.995360
11.300000 0.996520
11.400000 0.993960
11.500000 0.993360
11.600000 0.993240
11.700000 0.993960
11.800000 0.991560
11.900000 0.995060
12.000000 0.996220
12.100000 0.993920
12.200000 0.991440
12.300000 0.991680
12.400000 0.994120
12.500000 0.992380
12.600000 0.994360
12.700000 0.994200
12.800000 0.995300
12.900000 0.995760
13.000000 0.995800
13.100000 0.996580
13.200000 0.997640
13.300000 0.996660
13.400000 0.998020
13.500000 0.998060
13.600000 0.997940
13.700000 0.999940
13.800000 0.994900
13.900000 0.999160
14.000000 0.999740
14.100000 0.995980
14.200000 0.998860
14.300000 0.999360
14.400000 0.997640
14.500000 0.997940
14.600000 1.000320
14.700000 0.998180
14.800000 0.997260
14.900000 0.996720
15.000000 0.997340
15.100000 0.997580
15.200000 0.998320
15.300000 0.997620
15.400000 0.997760
15.500000 0.997580
15.600000 0.996560
15.700000 0.998380
15.800000 0.999020
15.900000 1.000140
16.000000 0.996680
16.100000 0.998600
16.200000 0.998960
16.300000 0.999020
16.400000 0.997200
16.500000 0.997820
16.600000 0.997640
16.700000 0.999100
16.800000 0.998560
16.900000 0.996240
17.000000 0.996180
17.100000 0.998620
17.200000 0.996300
17.300000 0.998400
17.400000 0.998200
17.500000 0.998460
17.600000 0.999000
17.700000 0.998540
17.800000 0.998440
17.900000 0.998100
18.000000 0.998560
18.100000 0.998560
18.200000 0.997580
18.300000 0.997700
18.400000 0.998580
18.500000 0.998800
18.600000 0.999540
18.700000 0.998260
18.800000 0.997640
18.900000 0.998400
19.000000 1.000700
19.100000 1.000040
19.200000 0.999640
19.300000 0.999760
19.400000 0.998700
19.500000 1.000240
19.600000 0.999820
19.700000 1.000060
19.800000 0.999260
19.900000 0.999400
20.000000 1.001340
