0.10000000 0.00000000
0.20000000 0.00000000
0.30000000 0.00000000
0.40000000 0.00000000
0.50000000 0.00000000
0.60000000 0.00766000
0.70000000 2.45048000
0.80000000 11.93248000
0.90000000 21.31210000
1.00000000 26.68316000
1.10000000 28.66760000
1.20000000 28.07060000
1.30000000 25.82246000
1.40000000 23.15476000
1.50000000 20.30448000
1.60000000 17.96812000
1.70000000 15.83842000
1.80000000 13.94454000
1.90000000 12.26510000
2.00000000 10.90164000
2.10000000 9.65786000
2.20000000 8.48882000
2.30000000 7.51038000
2.40000000 6.61164000
2.50000000 5.85840000
2.60000000 5.18488000
2.70000000 4.57046000
2.80000000 4.08234000
2.90000000 3.66612000
3.00000000 3.25360000
3.10000000 2.93942000
3.20000000 2.64544000
3.30000000 2.38810000
3.40000000 2.18274000
3.50000000 1.99170000
3.60000000 1.85716000
3.70000000 1.71784000
3.80000000 1.61152000
3.90000000 1.51398000
4.00000000 1.43416000
4.10000000 1.36114000
4.20000000 1.30168000
4.30000000 1.24124000
4.40000000 1.21094000
4.50000000 1.17412000
4.60000000 1.13132000
4.70000000 1.11326000
4.80000000 1.08542000
4.90000000 1.07404000
5.00000000 1.05754000
5.10000000 1.04750000
5.20000000 1.03800000
5.30000000 1.03338000
5.40000000 1.02582000
5.50000000 1.01560000
5.60000000 1.01806000
5.70000000 1.01470000
5.80000000 1.00222000
5.90000000 1.00378000
6.00000000 0.99546000
6.10000000 0.99788000
6.20000000 0.99658000
6.30000000 0.99342000
6.40000000 0.99264000
6.50000000 0.99164000
6.60000000 0.99676000
6.70000000 0.99494000
6.80000000 0.99380000
6.90000000 0.99400000
7.00000000 0.99438000
7.10000000 0.99628000
7.20000000 0.99246000
7.30000000 0.99324000
7.40000000 0.99700000
7.50000000 1.00216000
7.60000000 1.00662000
7.70000000 1.00158000
7.80000000 1.00536000
7.90000000 1.00418000
8.00000000 1.00506000
8.10000000 0.99868000
8.20000000 1.00256000
8.30000000 1.00166000
8.40000000 1.00372000
8.50000000 1.00314000
8.60000000 1.00170000
8.70000000 1.00358000
8.80000000 0.99870000
8.90000000 1.00106000
9.00000000 0.99910000
9.10000000 0.99838000
9.20000000 0.99682000
9.30000000 0.99984000
9.40000000 0.99770000
9.50000000 0.99714000
9.60000000 0.99798000
9.70000000 0.99476000
9.80000000 0.99674000
9.90000000 0.99638000
10.00000000 0.99662000
10.10000000 0.99754000
10.20000000 0.99444000
10.30000000 1.00200000
10.40000000 0.99974000
10.50000000 0.99792000
10.60000000 0.99882000
10.70000000 1.00270000
10.80000000 1.00162000
10.90000000 1.00114000
11.00000000 0.99472000
11.10000000 0.99872000
11.20000000 1.00060000
11.30000000 0.99766000
11.40000000 0.99750000
11.50000000 1.00108000
11.60000000 0.99792000
11.70000000 0.99794000
11.80000000 0.99968000
11.90000000 1.00094000
12.00000000 1.00076000
12.10000000 1.00086000
12.20000000 1.00090000
12.30000000 1.00028000
12.40000000 1.00122000
12.50000000 1.00230000
12.60000000 1.00038000
12.70000000 0.99862000
12.80000000 0.99746000
12.90000000 1.00208000
13.00000000 1.00064000
13.10000000 1.00028000
13.20000000 1.00016000
13.30000000 1.00096000
13.40000000 1.00128000
13.50000000 1.00106000
13.60000000 0.99998000
13.70000000 0.99944000
13.80000000 0.99944000
13.90000000 0.99940000
14.00000000 0.99848000
14.10000000 0.99764000
14.20000000 1.00098000
14.30000000 0.99820000
14.40000000 0.99752000
14.50000000 0.99978000
14.60000000 0.99862000
14.70000000 0.99794000
14.80000000 0.99680000
14.90000000 0.99806000
15.00000000 0.99880000
15.10000000 0.99626000
15.20000000 0.99566000
15.30000000 0.99538000
15.40000000 0.99772000
15.50000000 0.99808000
15.60000000 0.99852000
15.70000000 0.99878000
15.80000000 0.99658000
15.90000000 0.99854000
16.00000000 0.99796000
16.10000000 0.99840000
16.20000000 1.00000000
16.30000000 0.99972000
16.40000000 1.00060000
16.50000000 1.00068000
16.60000000 0.99898000
16.70000000 0.99994000
16.80000000 0.99934000
16.90000000 1.00002000
17.00000000 0.99974000
17.10000000 0.99894000
17.20000000 0.99920000
17.30000000 0.99992000
17.40000000 0.99906000
17.50000000 0.99898000
17.60000000 0.99714000
17.70000000 0.99828000
17.80000000 0.99914000
17.90000000 0.99966000
18.00000000 0.99870000
18.10000000 1.00078000
18.20000000 0.99928000
18.30000000 1.00208000
18.40000000 0.99810000
18.50000000 0.99912000
18.60000000 1.00158000
18.70000000 1.00116000
18.80000000 1.00054000
18.90000000 1.00034000
19.00000000 1.00070000
19.10000000 1.00098000
19.20000000 1.00110000
19.30000000 1.00060000
19.40000000 0.99918000
19.50000000 1.00128000
19.60000000 1.00126000
19.70000000 1.00012000
19.80000000 1.00174000
19.90000000 0.99998000
20.00000000 0.99920000
