0.100000 0.000000
0.200000 0.000000
0.300000 0.000000
0.400000 0.000000
0.500000 0.000000
0.600000 0.000000
0.700000 0.000048
0.800000 0.056247
0.900000 0.576324
1.000000 1.359580
1.100000 0.589892
1.200000 0.457978
1.300000 0.590502
1.400000 0.746895
1.500000 0.715719
1.600000 0.594963
1.700000 0.656744
1.800000 0.736721
1.900000 0.771027
2.000000 0.744644
2.100000 0.731628
2.200000 0.737936
2.300000 0.733647
2.400000 0.715006
2.500000 0.698377
2.600000 0.688433
2.700000 0.681408
2.800000 0.672192
2.900000 0.660653
3.000000 0.648100
3.100000 0.641589
3.200000 0.632601
3.300000 0.623279
3.400000 0.614799
3.500000 0.606884
3.600000 0.600371
3.700000 0.591791
3.800000 0.584949
3.900000 0.578152
4.000000 0.570230
4.100000 0.562462
4.200000 0.554704
4.300000 0.548450
4.400000 0.539713
4.500000 0.532589
4.600000 0.524483
4.700000 0.517436
4.800000 0.509361
4.900000 0.501936
5.000000 0.493809
5.100000 0.486898
5.200000 0.479057
5.300000 0.471890
5.400000 0.464361
5.500000 0.456805
5.600000 0.449725
5.700000 0.441812
5.800000 0.434310
5.900000 0.426767
6.000000 0.420218
6.100000 0.412636
6.200000 0.405110
6.300000 0.398257
6.400000 0.391036
6.500000 0.384382
6.600000 0.376892
6.700000 0.370682
6.800000 0.362959
6.900000 0.356243
7.000000 0.349507
7.100000 0.342889
7.200000 0.335684
7.300000 0.328752
7.400000 0.322341
7.500000 0.316036
7.600000 0.308937
7.700000 0.302590
7.800000 0.295923
7.900000 0.289555
8.000000 0.283189
8.100000 0.276603
8.200000 0.270454
8.300000 0.264153
8.400000 0.258428
8.500000 0.252136
8.600000 0.246283
8.700000 0.240152
8.800000 0.234173
8.900000 0.228463
9.000000 0.222826
9.100000 0.216894
9.200000 0.211431
9.300000 0.205790
9.400000 0.200200
9.500000 0.194356
9.600000 0.188826
9.700000 0.183880
9.800000 0.178475
9.900000 0.173054
10.000000 0.168039
10.100000 0.163167
10.200000 0.157972
10.300000 0.152914
10.400000 0.148174
10.500000 0.143357
10.600000 0.138825
10.700000 0.133912
10.800000 0.129601
10.900000 0.124786
11.000000 0.120597
11.100000 0.116302
11.200000 0.112010
11.300000 0.107825
11.400000 0.103654
11.500000 0.099692
11.600000 0.095638
11.700000 0.091846
11.800000 0.088042
11.900000 0.084378
12.000000 0.080752
12.100000 0.077249
12.200000 0.073767
12.300000 0.070445
12.400000 0.067215
12.500000 0.063937
12.600000 0.060827
12.700000 0.057802
12.800000 0.054803
12.900000 0.051965
13.000000 0.049214
13.100000 0.046501
13.200000 0.043938
13.300000 0.041455
13.400000 0.039060
13.500000 0.036810
13.600000 0.034584
13.700000 0.032423
13.800000 0.030369
13.900000 0.028337
14.000000 0.026520
14.100000 0.024668
14.200000 0.022930
14.300000 0.021321
14.400000 0.019765
14.500000 0.018234
14.600000 0.016892
14.700000 0.015569
14.800000 0.014342
14.900000 0.013132
15.000000 0.012046
15.100000 0.011002
15.200000 0.010033
15.300000 0.009136
15.400000 0.008320
15.500000 0.007534
15.600000 0.006841
15.700000 0.006142
15.800000 0.005530
15.900000 0.004982
16.000000 0.004479
16.100000 0.003993
16.200000 0.003581
16.300000 0.003188
16.400000 0.002828
16.500000 0.002510
16.600000 0.002220
16.700000 0.001968
16.800000 0.001730
16.900000 0.001519
17.000000 0.001338
17.100000 0.001170
17.200000 0.001019
17.300000 0.000887
17.400000 0.000778
17.500000 0.000671
17.600000 0.000578
17.700000 0.000500
17.800000 0.000433
17.900000 0.000367
18.000000 0.000313
18.100000 0.000273
18.200000 0.000231
18.300000 0.000198
18.400000 0.000168
18.500000 0.000139
18.600000 0.000120
18.700000 0.000102
18.800000 0.000085
18.900000 0.000069
19.000000 0.000060
19.100000 0.000050
19.200000 0.000041
19.300000 0.000034
19.400000 0.000029
19.500000 0.000023
19.600000 0.000021
19.700000 0.000017
19.800000 0.000014
19.900000 0.000012
20.000000 0.000010
