0.10000000 0.00000000
0.20000000 0.00000000
0.30000000 0.00000000
0.40000000 0.00000000
0.50000000 5.37022000
0.60000000 91.47562000
0.70000000 228.06168000
0.80000000 241.34004000
0.90000000 75.30350000
1.00000000 98.72454000
1.10000000 107.02500000
1.20000000 59.49664000
1.30000000 42.72666000
1.40000000 44.82518000
1.50000000 41.78862000
1.60000000 37.28078000
1.70000000 34.07204000
1.80000000 26.90506000
1.90000000 19.00208000
2.00000000 15.59972000
2.10000000 14.00100000
2.20000000 12.25500000
2.30000000 10.52210000
2.40000000 9.08084000
2.50000000 7.59636000
2.60000000 6.36578000
2.70000000 5.40454000
2.80000000 4.61878000
2.90000000 3.95168000
3.00000000 3.46804000
3.10000000 3.04970000
3.20000000 2.65936000
3.30000000 2.33332000
3.40000000 2.04038000
3.50000000 1.79126000
3.60000000 1.61884000
3.70000000 1.49102000
3.80000000 1.37600000
3.90000000 1.28768000
4.00000000 1.22002000
4.10000000 1.17156000
4.20000000 1.13260000
4.30000000 1.09836000
4.40000000 1.08330000
4.50000000 1.06350000
4.60000000 1.04430000
4.70000000 1.03452000
4.80000000 1.03294000
4.90000000 1.02476000
5.00000000 1.01588000
5.10000000 1.01704000
5.20000000 1.01248000
5.30000000 1.00930000
5.40000000 0.99808000
5.50000000 1.00218000
5.60000000 0.99584000
5.70000000 0.99474000
5.80000000 1.00050000
5.90000000 0.99656000
6.00000000 0.99604000
6.10000000 0.99448000
6.20000000 0.99010000
6.30000000 0.99122000
6.40000000 0.99300000
6.50000000 0.99252000
6.60000000 0.99758000
6.70000000 0.99142000
6.80000000 0.99702000
6.90000000 0.99744000
7.00000000 0.99778000
7.10000000 0.99484000
7.20000000 0.99418000
7.30000000 0.99770000
7.40000000 1.00314000
7.50000000 0.99722000
7.60000000 0.99786000
7.70000000 0.99734000
7.80000000 0.99844000
7.90000000 0.99498000
8.00000000 0.99466000
8.10000000 1.00044000
8.20000000 0.99894000
8.30000000 0.99894000
8.40000000 0.99942000
8.50000000 0.99660000
8.60000000 0.99862000
8.70000000 0.99540000
8.80000000 0.99674000
8.90000000 0.99850000
9.00000000 0.99480000
9.10000000 0.99540000
9.20000000 0.99260000
9.30000000 0.99954000
9.40000000 0.99480000
9.50000000 0.99866000
9.60000000 0.99806000
9.70000000 0.99594000
9.80000000 0.99722000
9.90000000 1.00004000
10.00000000 0.99742000
10.10000000 0.99476000
10.20000000 0.99662000
10.30000000 0.99548000
10.40000000 0.99496000
10.50000000 0.99546000
10.60000000 0.99516000
10.70000000 0.99500000
10.80000000 0.99088000
10.90000000 0.99816000
11.00000000 0.99450000
11.10000000 0.99398000
11.20000000 0.99536000
11.30000000 0.99652000
11.40000000 0.99396000
11.50000000 0.99336000
11.60000000 0.99324000
11.70000000 0.99396000
11.80000000 0.99156000
11.90000000 0.99506000
12.00000000 0.99622000
12.10000000 0.99392000
12.20000000 0.99144000
12.30000000 0.99168000
12.40000000 0.99412000
12.50000000 0.99238000
12.60000000 0.99436000
12.70000000 0.99420000
12.80000000 0.99530000
12.90000000 0.99576000
13.00000000 0.99580000
13.10000000 0.99658000
13.20000000 0.99764000
13.30000000 0.99666000
13.40000000 0.99802000
13.50000000 0.99806000
13.60000000 0.99794000
13.70000000 0.99994000
13.80000000 0.99490000
13.90000000 0.99916000
14.00000000 0.99974000
14.10000000 0.99598000
14.20000000 0.99886000
14.30000000 0.99936000
14.40000000 0.99764000
14.50000000 0.99794000
14.60000000 1.00032000
14.70000000 0.99818000
14.80000000 0.99726000
14.90000000 0.99672000
15.00000000 0.99734000
15.10000000 0.99758000
15.20000000 0.99832000
15.30000000 0.99762000
15.40000000 0.99776000
15.50000000 0.99758000
15.60000000 0.99656000
15.70000000 0.99838000
15.80000000 0.99902000
15.90000000 1.00014000
16.00000000 0.99668000
16.10000000 0.99860000
16.20000000 0.99896000
16.30000000 0.99902000
16.40000000 0.99720000
16.50000000 0.99782000
16.60000000 0.99764000
16.70000000 0.99910000
16.80000000 0.99856000
16.90000000 0.99624000
17.00000000 0.99618000
17.10000000 0.99862000
17.20000000 0.99630000
17.30000000 0.99840000
17.40000000 0.99820000
17.50000000 0.99846000
17.60000000 0.99900000
17.70000000 0.99854000
17.80000000 0.99844000
17.90000000 0.99810000
18.00000000 0.99856000
18.10000000 0.99856000
18.20000000 0.99758000
18.30000000 0.99770000
18.40000000 0.99858000
18.50000000 0.99880000
18.60000000 0.99954000
18.70000000 0.99826000
18.80000000 0.99764000
18.90000000 0.99840000
19.00000000 1.00070000
19.10000000 1.00004000
19.20000000 0.99964000
19.30000000 0.99976000
19.40000000 0.99870000
19.50000000 1.00024000
19.60000000 0.99982000
19.70000000 1.00006000
19.80000000 0.99926000
19.90000000 0.99940000
20.00000000 1.00134000
