0.10000000 0.00000000
0.20000000 0.00000000
0.30000000 0.00000000
0.40000000 0.00000000
0.50000000 0.00000000
0.60000000 18.81642000
0.70000000 198.24254000
0.80000000 250.26584000
0.90000000 70.13798000
1.00000000 97.04602000
1.10000000 125.39202000
1.20000000 86.97872000
1.30000000 70.77610000
1.40000000 73.21202000
1.50000000 51.01378000
1.60000000 27.94098000
1.70000000 25.37712000
1.80000000 26.26884000
1.90000000 26.25336000
2.00000000 24.46098000
2.10000000 20.61558000
2.20000000 16.30608000
2.30000000 13.21958000
2.40000000 11.49658000
2.50000000 9.96724000
2.60000000 8.55542000
2.70000000 7.35350000
2.80000000 6.30152000
2.90000000 5.31324000
3.00000000 4.49866000
3.10000000 3.81894000
3.20000000 3.30382000
3.30000000 2.90978000
3.40000000 2.61842000
3.50000000 2.35184000
3.60000000 2.11344000
3.70000000 1.86192000
3.80000000 1.70148000
3.90000000 1.53898000
4.00000000 1.40458000
4.10000000 1.32100000
4.20000000 1.23656000
4.30000000 1.17474000
4.40000000 1.12598000
4.50000000 1.10172000
4.60000000 1.06798000
4.70000000 1.04364000
4.80000000 1.03948000
4.90000000 1.03146000
5.00000000 1.02208000
5.10000000 1.02428000
5.20000000 1.00122000
5.30000000 1.00380000
5.40000000 1.00042000
5.50000000 1.00234000
5.60000000 0.99662000
5.70000000 1.00088000
5.80000000 0.99122000
5.90000000 1.00016000
6.00000000 0.98882000
6.10000000 0.99080000
6.20000000 0.98902000
6.30000000 0.99464000
6.40000000 0.98530000
6.50000000 0.99570000
6.60000000 0.99244000
6.70000000 0.98950000
6.80000000 0.99172000
6.90000000 0.99594000
7.00000000 0.99742000
7.10000000 0.99232000
7.20000000 0.99980000
7.30000000 0.99874000
7.40000000 0.99426000
7.50000000 0.99276000
7.60000000 0.99592000
7.70000000 0.99946000
7.80000000 1.00270000
7.90000000 0.99668000
8.00000000 0.99814000
8.10000000 0.99874000
8.20000000 0.99646000
8.30000000 0.99960000
8.40000000 1.00018000
8.50000000 1.00060000
8.60000000 0.99490000
8.70000000 0.99374000
8.80000000 0.99810000
8.90000000 0.99478000
9.00000000 0.99434000
9.10000000 1.00080000
9.20000000 0.99902000
9.30000000 0.99932000
9.40000000 0.99490000
9.50000000 0.99350000
9.60000000 0.99376000
9.70000000 0.99758000
9.80000000 0.99662000
9.90000000 0.99558000
10.00000000 0.99850000
10.10000000 0.99748000
10.20000000 0.99564000
10.30000000 0.99332000
10.40000000 0.99408000
10.50000000 0.99424000
10.60000000 0.99274000
10.70000000 0.99308000
10.80000000 0.99726000
10.90000000 0.99724000
11.00000000 0.99396000
11.10000000 0.99148000
11.20000000 0.99498000
11.30000000 0.99662000
11.40000000 0.99036000
11.50000000 0.99134000
11.60000000 0.99252000
11.70000000 0.99380000
11.80000000 0.99682000
11.90000000 0.99088000
12.00000000 0.99488000
12.10000000 0.99540000
12.20000000 0.99134000
12.30000000 0.99278000
12.40000000 0.99416000
12.50000000 0.99218000
12.60000000 0.99544000
12.70000000 0.99522000
12.80000000 0.99358000
12.90000000 0.99688000
13.00000000 0.99404000
13.10000000 0.99538000
13.20000000 0.99586000
13.30000000 0.99938000
13.40000000 1.00084000
13.50000000 0.99648000
13.60000000 0.99602000
13.70000000 0.99952000
13.80000000 0.99610000
13.90000000 0.99846000
14.00000000 0.99896000
14.10000000 0.99974000
14.20000000 0.99776000
14.30000000 0.99824000
14.40000000 0.99648000
14.50000000 0.99582000
14.60000000 0.99740000
14.70000000 0.99750000
14.80000000 0.99904000
14.90000000 0.99740000
15.00000000 0.99440000
15.10000000 0.99752000
15.20000000 0.99562000
15.30000000 0.99764000
15.40000000 0.99680000
15.50000000 0.99924000
15.60000000 0.99730000
15.70000000 0.99694000
15.80000000 1.00036000
15.90000000 0.99690000
16.00000000 0.99678000
16.10000000 0.99870000
16.20000000 0.99750000
16.30000000 0.99660000
16.40000000 0.99772000
16.50000000 0.99828000
16.60000000 0.99482000
16.70000000 0.99710000
16.80000000 0.99752000
16.90000000 0.99668000
17.00000000 0.99650000
17.10000000 0.99562000
17.20000000 0.99696000
17.30000000 0.99904000
17.40000000 0.99730000
17.50000000 0.99766000
17.60000000 0.99932000
17.70000000 0.99702000
17.80000000 0.99704000
17.90000000 0.99784000
18.00000000 0.99614000
18.10000000 1.00144000
18.20000000 0.99752000
18.30000000 0.99912000
18.40000000 0.99658000
18.50000000 0.99754000
18.60000000 0.99952000
18.70000000 0.99832000
18.80000000 0.99976000
18.90000000 0.99916000
19.00000000 0.99660000
19.10000000 0.99952000
19.20000000 0.99674000
19.30000000 0.99760000
19.40000000 0.99992000
19.50000000 1.00028000
19.60000000 0.99912000
19.70000000 1.00032000
19.80000000 0.99964000
19.90000000 1.00004000
20.00000000 0.99732000
